"DESCRIPTION","DURATION IN MS","NAME","PARENT SUITE","START TIME","STATUS","STOP TIME","SUB SUITE","SUITE","TEST CLASS","TEST METHOD"
"Test cases for TestTimeIsZero","0","TestTimeIsZero","","Thu Apr 30 00:55:06 UTC 2026","passed","Thu Apr 30 00:55:06 UTC 2026","","Go Test","github.com/specterops/bloodhound/cmd/api/src/database/types/null/TestTimeIsZero","TestTimeIsZero"
"Test cases for TestResources_ListADGPOAffectedContainers","0","TestResources_ListADGPOAffectedContainers","","Thu Apr 30 00:55:03 UTC 2026","passed","Thu Apr 30 00:55:03 UTC 2026","","Go Test","github.com/specterops/bloodhound/cmd/api/src/api/v2/TestResources_ListADGPOAffectedContainers","TestResources_ListADGPOAffectedContainers"
"Test cases for Test_filterAndFormatSearchResults_includeOpenGraphNodes","0","Test_filterAndFormatSearchResults_includeOpenGraphNodes","","Thu Apr 30 00:55:03 UTC 2026","passed","Thu Apr 30 00:55:03 UTC 2026","","Go Test","github.com/specterops/bloodhound/cmd/api/src/api/v2/Test_filterAndFormatSearchResults_includeOpenGraphNodes","Test_filterAndFormatSearchResults_includeOpenGraphNodes"
"Test cases for TestIntSetValid","0","TestIntSetValid","","Thu Apr 30 00:55:06 UTC 2026","passed","Thu Apr 30 00:55:06 UTC 2026","","Go Test","github.com/specterops/bloodhound/cmd/api/src/database/types/null/TestIntSetValid","TestIntSetValid"
"","1","handles null or empty madeBy","createHistoryParams","Thu Apr 30 01:00:12 UTC 2026","passed","Thu Apr 30 01:00:12 UTC 2026","","","",""
"Test cases for TestResources_DeleteSavedQuery_IsPublicSavedQueryDBError","0","TestResources_DeleteSavedQuery_IsPublicSavedQueryDBError","","Thu Apr 30 00:55:03 UTC 2026","passed","Thu Apr 30 00:55:03 UTC 2026","","Go Test","github.com/specterops/bloodhound/cmd/api/src/api/v2/TestResources_DeleteSavedQuery_IsPublicSavedQueryDBError","TestResources_DeleteSavedQuery_IsPublicSavedQueryDBError"
"","116","should display a total count of asset group members","AssetGroupEdit","Thu Apr 30 00:59:15 UTC 2026","passed","Thu Apr 30 00:59:15 UTC 2026","","","",""
"","49","composes search params from the search prop and use them in the link","AppLink","Thu Apr 30 00:59:19 UTC 2026","passed","Thu Apr 30 00:59:19 UTC 2026","","","",""
"Test cases for TestParseOptionalBool","0","TestParseOptionalBool","","Thu Apr 30 00:54:53 UTC 2026","passed","Thu Apr 30 00:54:53 UTC 2026","","Go Test","github.com/specterops/bloodhound/cmd/api/src/api/TestParseOptionalBool","TestParseOptionalBool"
"","104","calls getAssetGroupTags for topTagId","DetailsRoot","Thu Apr 30 01:01:08 UTC 2026","passed","Thu Apr 30 01:01:08 UTC 2026","","","",""
"","132","should display the ""User Information"" header","UserProfile","Thu Apr 30 00:58:07 UTC 2026","passed","Thu Apr 30 00:58:07 UTC 2026","","","",""
"Test cases for TestBuildErrorResponseUnauthorized","0","TestBuildErrorResponseUnauthorized","","Thu Apr 30 00:54:53 UTC 2026","passed","Thu Apr 30 00:54:53 UTC 2026","","Go Test","github.com/specterops/bloodhound/cmd/api/src/api/TestBuildErrorResponseUnauthorized","TestBuildErrorResponseUnauthorized"
"","233","displays error if delete button is clicked when no checkbox is selected","DatabaseManagement","Thu Apr 30 01:01:33 UTC 2026","passed","Thu Apr 30 01:01:33 UTC 2026","","","",""
"Test cases for TestManagementResource_SAMLCallbackRedirect","6","TestManagementResource_SAMLCallbackRedirect","","Thu Apr 30 00:55:48 UTC 2026","passed","Thu Apr 30 00:55:48 UTC 2026","","Go Test","github.com/specterops/bloodhound/cmd/api/src/api/v2/auth/TestManagementResource_SAMLCallbackRedirect","TestManagementResource_SAMLCallbackRedirect"
"","855","renders group and tenant dropdown selectors","GroupManagement","Thu Apr 30 01:01:53 UTC 2026","passed","Thu Apr 30 01:01:53 UTC 2026","","","",""
"","243","displays loading state","GraphDataCheckboxes","Thu Apr 30 00:57:00 UTC 2026","passed","Thu Apr 30 00:57:00 UTC 2026","","","",""
"Test cases for TestGetADDataQualityStats_Failure","0","TestGetADDataQualityStats_Failure","","Thu Apr 30 00:55:03 UTC 2026","passed","Thu Apr 30 00:55:03 UTC 2026","","Go Test","github.com/specterops/bloodhound/cmd/api/src/api/v2/TestGetADDataQualityStats_Failure","TestGetADDataQualityStats_Failure"
"Test cases for Test_NewRequestSignature","1","Test_NewRequestSignature","","Thu Apr 30 00:54:53 UTC 2026","passed","Thu Apr 30 00:54:53 UTC 2026","","Go Test","github.com/specterops/bloodhound/cmd/api/src/api/Test_NewRequestSignature","Test_NewRequestSignature"
"Test cases for TestBuildSQLSort","0","TestBuildSQLSort","","Thu Apr 30 00:54:53 UTC 2026","passed","Thu Apr 30 00:54:53 UTC 2026","","Go Test","github.com/specterops/bloodhound/cmd/api/src/api/TestBuildSQLSort","TestBuildSQLSort"
"","195","on clicking switch shows modal and when clicking confirm closes it and switch changes to disabled","CitrixRDPConfiguration","Thu Apr 30 00:58:01 UTC 2026","passed","Thu Apr 30 00:58:02 UTC 2026","","Click on switch to disable","",""
"","70","should render when search string is at the beginning of the text","HighlightedText","Thu Apr 30 01:00:19 UTC 2026","passed","Thu Apr 30 01:00:19 UTC 2026","","","",""
"Test cases for TestResources_ListADOUContainedUsers","0","TestResources_ListADOUContainedUsers","","Thu Apr 30 00:55:03 UTC 2026","passed","Thu Apr 30 00:55:03 UTC 2026","","Go Test","github.com/specterops/bloodhound/cmd/api/src/api/v2/TestResources_ListADOUContainedUsers","TestResources_ListADOUContainedUsers"
"","0","reports an API error when Cypher is not run first","handleError","Thu Apr 30 00:57:24 UTC 2026","passed","Thu Apr 30 00:57:24 UTC 2026","","","",""
"","76","when session token or user are null, redirects to /login","AuthenticatedRoute","Thu Apr 30 01:02:00 UTC 2026","passed","Thu Apr 30 01:02:00 UTC 2026","","","",""
"Test cases for TestAddOwnerRoleIDs","0","TestAddOwnerRoleIDs","","Thu Apr 30 00:55:28 UTC 2026","passed","Thu Apr 30 00:55:28 UTC 2026","","Go Test","github.com/specterops/bloodhound/packages/go/analysis/azure/TestAddOwnerRoleIDs","TestAddOwnerRoleIDs"
"Test cases for TestJSONFloat_UnmarshalJSON_NaN","0","TestJSONFloat_UnmarshalJSON_NaN","","Thu Apr 30 00:55:06 UTC 2026","passed","Thu Apr 30 00:55:06 UTC 2026","","Go Test","github.com/specterops/bloodhound/cmd/api/src/database/types/nan/TestJSONFloat_UnmarshalJSON_NaN","TestJSONFloat_UnmarshalJSON_NaN"
"","125","shows the direct object and expanded object list when results are present for both","Seed Selection Results","Thu Apr 30 00:57:37 UTC 2026","passed","Thu Apr 30 00:57:37 UTC 2026","","","",""
"","3","should return null if the edge key does not have enough information","getEdgeDataFromKey","Thu Apr 30 01:02:12 UTC 2026","passed","Thu Apr 30 01:02:12 UTC 2026","","","",""
"","154","displays the label for each result","SearchCurrentNodes","Thu Apr 30 00:59:08 UTC 2026","passed","Thu Apr 30 00:59:08 UTC 2026","","","",""
"Test cases for TestResources_ProcessIngestTask","13","TestResources_ProcessIngestTask","","Thu Apr 30 00:55:03 UTC 2026","passed","Thu Apr 30 00:55:03 UTC 2026","","Go Test","github.com/specterops/bloodhound/cmd/api/src/api/v2/TestResources_ProcessIngestTask","TestResources_ProcessIngestTask"
"Test cases for TestResources_ListFileUploadJobs","5","TestResources_ListFileUploadJobs","","Thu Apr 30 00:55:03 UTC 2026","passed","Thu Apr 30 00:55:03 UTC 2026","","Go Test","github.com/specterops/bloodhound/cmd/api/src/api/v2/TestResources_ListFileUploadJobs","TestResources_ListFileUploadJobs"
"","64","Error handling for fetching edge information","EdgeObjectInformation","Thu Apr 30 00:59:09 UTC 2026","passed","Thu Apr 30 00:59:09 UTC 2026","","","",""
"Test cases for TestDefineSID","0","TestDefineSID","","Thu Apr 30 00:55:28 UTC 2026","passed","Thu Apr 30 00:55:28 UTC 2026","","Go Test","github.com/specterops/bloodhound/packages/go/analysis/ad/wellknown/TestDefineSID","TestDefineSID"
"","75","prevents a user from proceeding if the file is not valid","File Upload","Thu Apr 30 00:58:33 UTC 2026","passed","Thu Apr 30 00:58:33 UTC 2026","","","",""
"","8","populates the cypher search field with the decoded query when the associated query params are set","useCypherSearch","Thu Apr 30 01:00:36 UTC 2026","passed","Thu Apr 30 01:00:36 UTC 2026","","","",""
"","1367","should display a dropdown when a user types a partial query that can be autocompleted","CypherSearch","Thu Apr 30 00:56:51 UTC 2026","passed","Thu Apr 30 00:56:53 UTC 2026","","","",""
"Test cases for TestDomainSelectors_GetValidFilterPredicatesAsStrings","1","TestDomainSelectors_GetValidFilterPredicatesAsStrings","","Thu Apr 30 00:55:07 UTC 2026","passed","Thu Apr 30 00:55:07 UTC 2026","","Go Test","github.com/specterops/bloodhound/cmd/api/src/model/TestDomainSelectors_GetValidFilterPredicatesAsStrings","TestDomainSelectors_GetValidFilterPredicatesAsStrings"
"","192","renders the card with title and search input","ActiveExtensionsCard","Thu Apr 30 00:56:24 UTC 2026","passed","Thu Apr 30 00:56:25 UTC 2026","","","",""
"","0","should return false when there is no match","compareTerm","Thu Apr 30 01:00:02 UTC 2026","passed","Thu Apr 30 01:00:02 UTC 2026","","","",""
"","336","shows a loading state","AssetGroupMenuItem","Thu Apr 30 00:57:49 UTC 2026","passed","Thu Apr 30 00:57:49 UTC 2026","","","",""
"","263","displays a completion of 100% and adds a ""Close"" button that closes the dialog after a successful upload","SchemaUploadDialog","Thu Apr 30 00:57:21 UTC 2026","passed","Thu Apr 30 00:57:22 UTC 2026","","","",""
"Test cases for TestResources_SearchHandler_ETAC","15","TestResources_SearchHandler_ETAC","","Thu Apr 30 00:55:03 UTC 2026","passed","Thu Apr 30 00:55:03 UTC 2026","","Go Test","github.com/specterops/bloodhound/cmd/api/src/api/v2/TestResources_SearchHandler_ETAC","TestResources_SearchHandler_ETAC"
"","1190","should display all available SSO providers","UpdateUserDialog","Thu Apr 30 00:56:52 UTC 2026","passed","Thu Apr 30 00:56:54 UTC 2026","","","",""
"Test cases for TestSignRequestValuesUnsupportedHMACMethod","0","TestSignRequestValuesUnsupportedHMACMethod","","Thu Apr 30 00:54:53 UTC 2026","passed","Thu Apr 30 00:54:53 UTC 2026","","Go Test","github.com/specterops/bloodhound/cmd/api/src/api/TestSignRequestValuesUnsupportedHMACMethod","TestSignRequestValuesUnsupportedHMACMethod"
"","272","opens the dropdown when the Columns button is clicked","ManageColumnsComboBox","Thu Apr 30 00:57:42 UTC 2026","passed","Thu Apr 30 00:57:42 UTC 2026","","","",""
"","0","reports an Object ID-specific error when editing a rule and ruleType is SeedTypeObjectId and seeds are required","handleError","Thu Apr 30 00:57:24 UTC 2026","passed","Thu Apr 30 00:57:24 UTC 2026","","","",""
"","252","The API key management option should appear in profile page if the user is configured for SAML login","UserProfile with SSO User","Thu Apr 30 00:58:06 UTC 2026","passed","Thu Apr 30 00:58:07 UTC 2026","","","",""
"","245","fires click handlers","ConfirmDeleteQueryDialog","Thu Apr 30 01:00:56 UTC 2026","passed","Thu Apr 30 01:00:57 UTC 2026","","","",""
"Test cases for TestBoolFromPtr","0","TestBoolFromPtr","","Thu Apr 30 00:55:06 UTC 2026","passed","Thu Apr 30 00:55:06 UTC 2026","","Go Test","github.com/specterops/bloodhound/cmd/api/src/database/types/null/TestBoolFromPtr","TestBoolFromPtr"
"Test cases for TestResources_ListADGroupMembership","0","TestResources_ListADGroupMembership","","Thu Apr 30 00:55:03 UTC 2026","passed","Thu Apr 30 00:55:03 UTC 2026","","Go Test","github.com/specterops/bloodhound/cmd/api/src/api/v2/TestResources_ListADGroupMembership","TestResources_ListADGroupMembership"
"","798","sets the selectedItem param and closes popper when a node is selected","GraphControls","Thu Apr 30 00:57:21 UTC 2026","passed","Thu Apr 30 00:57:22 UTC 2026","","Searching current results","",""
"","173","renders enabled Zone tab and disabled Rule and Object tabs","Selected Details Tabs","Thu Apr 30 00:58:21 UTC 2026","passed","Thu Apr 30 00:58:22 UTC 2026","","Selected Details Tabs - Params present","",""
"Test cases for TestArgon2_Digest","5","TestArgon2_Digest","","Thu Apr 30 00:55:29 UTC 2026","passed","Thu Apr 30 00:55:29 UTC 2026","","Go Test","github.com/specterops/bloodhound/packages/go/crypto/TestArgon2_Digest","TestArgon2_Digest"
"","0","returns all environments when both ""yes"" and ""no"" filters are active","filterAndSearchEnvironments","Thu Apr 30 00:56:19 UTC 2026","passed","Thu Apr 30 00:56:19 UTC 2026","","collected filters","",""
"Test cases for TestResources_ListAvailableEnvironments","71","TestResources_ListAvailableEnvironments","","Thu Apr 30 00:55:03 UTC 2026","passed","Thu Apr 30 00:55:03 UTC 2026","","Go Test","github.com/specterops/bloodhound/cmd/api/src/api/v2/TestResources_ListAvailableEnvironments","TestResources_ListAvailableEnvironments"
"Test cases for TestIsValidClientVersion","0","TestIsValidClientVersion","","Thu Apr 30 00:55:28 UTC 2026","passed","Thu Apr 30 00:55:28 UTC 2026","","Go Test","github.com/specterops/bloodhound/cmd/api/src/utils/TestIsValidClientVersion","TestIsValidClientVersion"
"","0","returns Object ID message when ruleType is SeedTypeObjectId and seeds are required","getErrorMessage","Thu Apr 30 00:57:24 UTC 2026","passed","Thu Apr 30 00:57:24 UTC 2026","","","",""
"","63","sets autoDisplayTable to true if query returns nodes only, searchType = cypher, and and enabled is true","useExploreTableAutoDisplay","Thu Apr 30 01:00:01 UTC 2026","passed","Thu Apr 30 01:00:01 UTC 2026","","","",""
"","789","should call onSubmit when input is valid and Submit button is clicked","UpsertSAMLProviderForm","Thu Apr 30 00:59:53 UTC 2026","passed","Thu Apr 30 00:59:53 UTC 2026","","","",""
"Test cases for TestGraphQuery_RawCypherQuery","26","TestGraphQuery_RawCypherQuery","","Thu Apr 30 00:55:08 UTC 2026","passed","Thu Apr 30 00:55:08 UTC 2026","","Go Test","github.com/specterops/bloodhound/cmd/api/src/queries/TestGraphQuery_RawCypherQuery","TestGraphQuery_RawCypherQuery"
"","23","renders highlight only for active member when memberId is present","SelectedHighlight","Thu Apr 30 01:00:09 UTC 2026","passed","Thu Apr 30 01:00:09 UTC 2026","","","",""
"","0","shows no collection methods","toCollected","Thu Apr 30 01:00:38 UTC 2026","passed","Thu Apr 30 01:00:38 UTC 2026","","","",""
"Test cases for TestMarshalFloatText","0","TestMarshalFloatText","","Thu Apr 30 00:55:06 UTC 2026","passed","Thu Apr 30 00:55:06 UTC 2026","","Go Test","github.com/specterops/bloodhound/cmd/api/src/database/types/null/TestMarshalFloatText","TestMarshalFloatText"
"","54","has no checked boxes by default","GraphDataCheckboxes","Thu Apr 30 00:57:01 UTC 2026","passed","Thu Apr 30 00:57:01 UTC 2026","","","",""
"","1","does not add optional filters if not present","createHistoryParams","Thu Apr 30 01:00:12 UTC 2026","passed","Thu Apr 30 01:00:12 UTC 2026","","","",""
"","95","should not display a badge when role based filtering is true and show filter banner is false by default","EntityInfoPanel","Thu Apr 30 01:00:06 UTC 2026","passed","Thu Apr 30 01:00:06 UTC 2026","","","",""
"","173","fires runQuery in context provider","ListItemActionMenu","Thu Apr 30 00:59:32 UTC 2026","passed","Thu Apr 30 00:59:32 UTC 2026","","","",""
"","433","should not have less characters than the minimum requirement","UpdateUserForm","Thu Apr 30 00:56:13 UTC 2026","passed","Thu Apr 30 00:56:14 UTC 2026","","","",""
"Test cases for TestManagementResource_UpdateOIDCProvider","1","TestManagementResource_UpdateOIDCProvider","","Thu Apr 30 00:55:48 UTC 2026","passed","Thu Apr 30 00:55:48 UTC 2026","","Go Test","github.com/specterops/bloodhound/cmd/api/src/api/v2/auth/TestManagementResource_UpdateOIDCProvider","TestManagementResource_UpdateOIDCProvider"
"","332","toggles a source kind on with all nested graph data options","GraphDataCheckboxes","Thu Apr 30 00:57:03 UTC 2026","passed","Thu Apr 30 00:57:03 UTC 2026","","","",""
"","565","calls onSave without current password when requireCurrentPassword is false","PasswordDialog","Thu Apr 30 00:56:42 UTC 2026","passed","Thu Apr 30 00:56:43 UTC 2026","","","",""
"Test cases for Test_ParseSortParameters","0","Test_ParseSortParameters","","Thu Apr 30 00:54:53 UTC 2026","passed","Thu Apr 30 00:54:53 UTC 2026","","Go Test","github.com/specterops/bloodhound/cmd/api/src/api/Test_ParseSortParameters","Test_ParseSortParameters"
"Test cases for TestResources_ListADEntityControllables","0","TestResources_ListADEntityControllables","","Thu Apr 30 00:55:03 UTC 2026","passed","Thu Apr 30 00:55:03 UTC 2026","","Go Test","github.com/specterops/bloodhound/cmd/api/src/api/v2/TestResources_ListADEntityControllables","TestResources_ListADEntityControllables"
"","0","takes setSearchParams and availableParams returns a function","searchParams","Thu Apr 30 00:59:30 UTC 2026","passed","Thu Apr 30 00:59:30 UTC 2026","","setParamsFactory","",""
"","72","should hide Environmental Targeted Access Control panel when showEnvironmentAccessControls prop is false","UpdateUserForm","Thu Apr 30 00:56:17 UTC 2026","passed","Thu Apr 30 00:56:17 UTC 2026","","","",""
"","202","onCancel is called when cancel is clicked","Enable2FADialog","Thu Apr 30 00:58:54 UTC 2026","passed","Thu Apr 30 00:58:54 UTC 2026","","","",""
"Test cases for TestManagementResource_ListPermissions_SortingError","0","TestManagementResource_ListPermissions_SortingError","","Thu Apr 30 00:55:09 UTC 2026","passed","Thu Apr 30 00:55:09 UTC 2026","","Go Test","github.com/specterops/bloodhound/cmd/api/src/api/v2/auth/TestManagementResource_ListPermissions_SortingError","TestManagementResource_ListPermissions_SortingError"
"","62","Searching for custom node type with databaseId returns node properties","useFetchEntityInfo","Thu Apr 30 00:58:43 UTC 2026","passed","Thu Apr 30 00:58:43 UTC 2026","","","",""
"Test cases for TestManagementResource_ServeSigningCertificate","10","TestManagementResource_ServeSigningCertificate","","Thu Apr 30 00:55:48 UTC 2026","passed","Thu Apr 30 00:55:48 UTC 2026","","Go Test","github.com/specterops/bloodhound/cmd/api/src/api/v2/auth/TestManagementResource_ServeSigningCertificate","TestManagementResource_ServeSigningCertificate"
"Test cases for TestManagementResource_ListUsers_PredicateMismatchWithColumn","0","TestManagementResource_ListUsers_PredicateMismatchWithColumn","","Thu Apr 30 00:55:09 UTC 2026","passed","Thu Apr 30 00:55:09 UTC 2026","","Go Test","github.com/specterops/bloodhound/cmd/api/src/api/v2/auth/TestManagementResource_ListUsers_PredicateMismatchWithColumn","TestManagementResource_ListUsers_PredicateMismatchWithColumn"
"Test cases for TestSignRequestSuccess","0","TestSignRequestSuccess","","Thu Apr 30 00:54:53 UTC 2026","passed","Thu Apr 30 00:54:53 UTC 2026","","Go Test","github.com/specterops/bloodhound/cmd/api/src/api/TestSignRequestSuccess","TestSignRequestSuccess"
"Test cases for TestResources_ListTrustedCAs","0","TestResources_ListTrustedCAs","","Thu Apr 30 00:55:03 UTC 2026","passed","Thu Apr 30 00:55:03 UTC 2026","","Go Test","github.com/specterops/bloodhound/cmd/api/src/api/v2/TestResources_ListTrustedCAs","TestResources_ListTrustedCAs"
"Test cases for TestTimeFromPtr","0","TestTimeFromPtr","","Thu Apr 30 00:55:06 UTC 2026","passed","Thu Apr 30 00:55:06 UTC 2026","","Go Test","github.com/specterops/bloodhound/cmd/api/src/database/types/null/TestTimeFromPtr","TestTimeFromPtr"
"Test cases for TestResources_UpdateAssetGroupSelectors_SuccessT0","0","TestResources_UpdateAssetGroupSelectors_SuccessT0","","Thu Apr 30 00:55:03 UTC 2026","passed","Thu Apr 30 00:55:03 UTC 2026","","Go Test","github.com/specterops/bloodhound/cmd/api/src/api/v2/TestResources_UpdateAssetGroupSelectors_SuccessT0","TestResources_UpdateAssetGroupSelectors_SuccessT0"
"Test cases for TestResources_GetCollectorManifest","5","TestResources_GetCollectorManifest","","Thu Apr 30 00:55:03 UTC 2026","passed","Thu Apr 30 00:55:03 UTC 2026","","Go Test","github.com/specterops/bloodhound/cmd/api/src/api/v2/TestResources_GetCollectorManifest","TestResources_GetCollectorManifest"
"Test cases for TestResources_UpdateSavedQuery_NoQueryMatch","0","TestResources_UpdateSavedQuery_NoQueryMatch","","Thu Apr 30 00:55:03 UTC 2026","passed","Thu Apr 30 00:55:03 UTC 2026","","Go Test","github.com/specterops/bloodhound/cmd/api/src/api/v2/TestResources_UpdateSavedQuery_NoQueryMatch","TestResources_UpdateSavedQuery_NoQueryMatch"
"Test cases for TestTimeFrom","0","TestTimeFrom","","Thu Apr 30 00:55:06 UTC 2026","passed","Thu Apr 30 00:55:06 UTC 2026","","Go Test","github.com/specterops/bloodhound/cmd/api/src/database/types/null/TestTimeFrom","TestTimeFrom"
"Test cases for Test_ParseGraphSortParameters_Success","0","Test_ParseGraphSortParameters_Success","","Thu Apr 30 00:54:53 UTC 2026","passed","Thu Apr 30 00:54:53 UTC 2026","","Go Test","github.com/specterops/bloodhound/cmd/api/src/api/Test_ParseGraphSortParameters_Success","Test_ParseGraphSortParameters_Success"
"Test cases for TestQueries_BuildEntityQueryParams_InvalidLimit","0","TestQueries_BuildEntityQueryParams_InvalidLimit","","Thu Apr 30 00:55:08 UTC 2026","passed","Thu Apr 30 00:55:08 UTC 2026","","Go Test","github.com/specterops/bloodhound/cmd/api/src/queries/TestQueries_BuildEntityQueryParams_InvalidLimit","TestQueries_BuildEntityQueryParams_InvalidLimit"
"Test cases for TestNodeNamePrefix_String","0","TestNodeNamePrefix_String","","Thu Apr 30 00:55:28 UTC 2026","passed","Thu Apr 30 00:55:28 UTC 2026","","Go Test","github.com/specterops/bloodhound/packages/go/analysis/ad/wellknown/TestNodeNamePrefix_String","TestNodeNamePrefix_String"
"","23","displays CaretDown icon when the sortOrder is desc","ColumnHeaders","Thu Apr 30 00:58:52 UTC 2026","passed","Thu Apr 30 00:58:52 UTC 2026","","SortableHeader","",""
"","195","renders the form for editing an existing label","Tag Form","Thu Apr 30 00:56:05 UTC 2026","passed","Thu Apr 30 00:56:05 UTC 2026","","","",""
"","230","calls onChange with initial default columns when ""Reset Default"" is clicked","ManageColumnsComboBox","Thu Apr 30 00:57:43 UTC 2026","passed","Thu Apr 30 00:57:43 UTC 2026","","","",""
"","2042","""Columns"" button allows user to edit column settings","ExploreTable","Thu Apr 30 00:56:00 UTC 2026","passed","Thu Apr 30 00:56:02 UTC 2026","","","",""
"","1093","renders","Privilege Zones History Filter Dialog","Thu Apr 30 00:58:28 UTC 2026","passed","Thu Apr 30 00:58:29 UTC 2026","","","",""
"","101","temporarily displays the checkmark icon after clicking copy","ExploreTableDataCell","Thu Apr 30 01:00:23 UTC 2026","passed","Thu Apr 30 01:00:23 UTC 2026","","","",""
"Test cases for TestResources_ListAuditLogs_SkipAndOffset","0","TestResources_ListAuditLogs_SkipAndOffset","","Thu Apr 30 00:55:03 UTC 2026","passed","Thu Apr 30 00:55:03 UTC 2026","","Go Test","github.com/specterops/bloodhound/cmd/api/src/api/v2/TestResources_ListAuditLogs_SkipAndOffset","TestResources_ListAuditLogs_SkipAndOffset"
"Test cases for TestResources_DeleteSavedQuery_IDMalformed","0","TestResources_DeleteSavedQuery_IDMalformed","","Thu Apr 30 00:55:03 UTC 2026","passed","Thu Apr 30 00:55:03 UTC 2026","","Go Test","github.com/specterops/bloodhound/cmd/api/src/api/v2/TestResources_DeleteSavedQuery_IDMalformed","TestResources_DeleteSavedQuery_IDMalformed"
"","2","returns true when WebGL is available in the current browser context","WebGL compatibility check","Thu Apr 30 01:01:10 UTC 2026","passed","Thu Apr 30 01:01:10 UTC 2026","","","",""
"","243","should fire ""onClose"" once","UserTokenManagementDialog","Thu Apr 30 00:57:32 UTC 2026","passed","Thu Apr 30 00:57:33 UTC 2026","","when user clicks ""Close"" button","",""
"Test cases for TestMarshalInt64Text","0","TestMarshalInt64Text","","Thu Apr 30 00:55:06 UTC 2026","passed","Thu Apr 30 00:55:06 UTC 2026","","Go Test","github.com/specterops/bloodhound/cmd/api/src/database/types/null/TestMarshalInt64Text","TestMarshalInt64Text"
"","795","calls onSave when valid form inputs are provided","PasswordDialog","Thu Apr 30 00:56:42 UTC 2026","passed","Thu Apr 30 00:56:42 UTC 2026","","","",""
"Test cases for TestBuildErrorResponseBadRequest","0","TestBuildErrorResponseBadRequest","","Thu Apr 30 00:54:53 UTC 2026","passed","Thu Apr 30 00:54:53 UTC 2026","","Go Test","github.com/specterops/bloodhound/cmd/api/src/api/TestBuildErrorResponseBadRequest","TestBuildErrorResponseBadRequest"
"","0","returns false if value is +0","searchParams","Thu Apr 30 00:59:30 UTC 2026","passed","Thu Apr 30 00:59:30 UTC 2026","","isEmptyParam","",""
"Test cases for TestAuditLogin","0","TestAuditLogin","","Thu Apr 30 00:54:53 UTC 2026","passed","Thu Apr 30 00:54:53 UTC 2026","","Go Test","github.com/specterops/bloodhound/cmd/api/src/api/TestAuditLogin","TestAuditLogin"
"Test cases for TestResources_ListRootCAPKIHierarchy","0","TestResources_ListRootCAPKIHierarchy","","Thu Apr 30 00:55:03 UTC 2026","passed","Thu Apr 30 00:55:03 UTC 2026","","Go Test","github.com/specterops/bloodhound/cmd/api/src/api/v2/TestResources_ListRootCAPKIHierarchy","TestResources_ListRootCAPKIHierarchy"
"","10","takes a string and copys to the navigator clipboard","copyToClipboard","Thu Apr 30 01:01:12 UTC 2026","passed","Thu Apr 30 01:01:12 UTC 2026","","","",""
"","1824","hides the password field and removes the requirement when logged in with SSO","Users","Thu Apr 30 00:58:28 UTC 2026","passed","Thu Apr 30 00:58:30 UTC 2026","","","",""
"","31","displays lastlogon cell as UNKNOWN when the value is 0","ExploreTableDataCell","Thu Apr 30 01:00:23 UTC 2026","passed","Thu Apr 30 01:00:23 UTC 2026","","","",""
"","134","renders a button for opening the dialog","SchemaUploadDialog","Thu Apr 30 00:57:20 UTC 2026","passed","Thu Apr 30 00:57:20 UTC 2026","","","",""
"","642","clears input when dialog is closed and reopened","ActiveExtensionsCard","Thu Apr 30 00:56:28 UTC 2026","passed","Thu Apr 30 00:56:28 UTC 2026","","","",""
"Test cases for TestResources_ListADDomainContainedComputers","0","TestResources_ListADDomainContainedComputers","","Thu Apr 30 00:55:03 UTC 2026","passed","Thu Apr 30 00:55:03 UTC 2026","","Go Test","github.com/specterops/bloodhound/cmd/api/src/api/v2/TestResources_ListADDomainContainedComputers","TestResources_ListADDomainContainedComputers"
"Test cases for TestNormalizeToUTF8_ReaderError","0","TestNormalizeToUTF8_ReaderError","","Thu Apr 30 00:55:29 UTC 2026","passed","Thu Apr 30 00:55:29 UTC 2026","","Go Test","github.com/specterops/bloodhound/packages/go/bomenc/TestNormalizeToUTF8_ReaderError","TestNormalizeToUTF8_ReaderError"
"","121","returns Tag Object counts when there is a Tag selected but no Rule selected (ruleId is undefined from path params)","useObjectCounts","Thu Apr 30 01:00:36 UTC 2026","passed","Thu Apr 30 01:00:36 UTC 2026","","","",""
"","241","handles close event","ImportQueryDialog","Thu Apr 30 01:00:56 UTC 2026","passed","Thu Apr 30 01:00:56 UTC 2026","","","",""
"Test cases for TestWriteBinaryResponse","0","TestWriteBinaryResponse","","Thu Apr 30 00:54:53 UTC 2026","passed","Thu Apr 30 00:54:53 UTC 2026","","Go Test","github.com/specterops/bloodhound/cmd/api/src/api/TestWriteBinaryResponse","TestWriteBinaryResponse"
"","190","closes","ListItemActionMenu","Thu Apr 30 00:59:32 UTC 2026","passed","Thu Apr 30 00:59:32 UTC 2026","","","",""
"","515","renders the form for creating a new rule","Rule Form","Thu Apr 30 00:56:22 UTC 2026","passed","Thu Apr 30 00:56:23 UTC 2026","","","",""
"","60","should on clicking remove call clearSelectedItem","EntityInfoHeader","Thu Apr 30 00:59:26 UTC 2026","passed","Thu Apr 30 00:59:26 UTC 2026","","","",""
"","1","calculates skip correctly for pageParam > 1","createHistoryParams","Thu Apr 30 01:00:12 UTC 2026","passed","Thu Apr 30 01:00:12 UTC 2026","","","",""
"Test cases for TestManagementResource_DeleteUser_UserCannotSelfDelete","1164","TestManagementResource_DeleteUser_UserCannotSelfDelete","","Thu Apr 30 00:55:24 UTC 2026","passed","Thu Apr 30 00:55:25 UTC 2026","","Go Test","github.com/specterops/bloodhound/cmd/api/src/api/v2/auth/TestManagementResource_DeleteUser_UserCannotSelfDelete","TestManagementResource_DeleteUser_UserCannotSelfDelete"
"","0","does not abbreviate numbers < 1000","numberFormatting","Thu Apr 30 00:58:55 UTC 2026","passed","Thu Apr 30 00:58:55 UTC 2026","","","",""
"","104","should render a button with the passed in display text","GraphButton","Thu Apr 30 01:01:06 UTC 2026","passed","Thu Apr 30 01:01:06 UTC 2026","","","",""
"Test cases for TestMatches_FailureStatus","0","TestMatches_FailureStatus","","Thu Apr 30 00:55:07 UTC 2026","passed","Thu Apr 30 00:55:07 UTC 2026","","Go Test","github.com/specterops/bloodhound/cmd/api/src/model/TestMatches_FailureStatus","TestMatches_FailureStatus"
"Test cases for TestQueries_BuildEntityQueryParams_MissingObjectID","0","TestQueries_BuildEntityQueryParams_MissingObjectID","","Thu Apr 30 00:55:08 UTC 2026","passed","Thu Apr 30 00:55:08 UTC 2026","","Go Test","github.com/specterops/bloodhound/cmd/api/src/queries/TestQueries_BuildEntityQueryParams_MissingObjectID","TestQueries_BuildEntityQueryParams_MissingObjectID"
"TestOpenGraphSchemaService_UpsertGraphSchemaExtension -","2","TestOpenGraphSchemaService_UpsertGraphSchemaExtension","","Thu Apr 30 00:55:11 UTC 2026","passed","Thu Apr 30 00:55:11 UTC 2026","","Go Test","github.com/specterops/bloodhound/cmd/api/src/services/opengraphschema/TestOpenGraphSchemaService_UpsertGraphSchemaExtension","TestOpenGraphSchemaService_UpsertGraphSchemaExtension"
"Test cases for TestParseClientVersion","0","TestParseClientVersion","","Thu Apr 30 00:55:28 UTC 2026","passed","Thu Apr 30 00:55:28 UTC 2026","","Go Test","github.com/specterops/bloodhound/cmd/api/src/utils/TestParseClientVersion","TestParseClientVersion"
"","474","should close the dialog when the Cancel button is clicked","Privilege Zones History Filter Dialog","Thu Apr 30 00:58:30 UTC 2026","passed","Thu Apr 30 00:58:31 UTC 2026","","","",""
"","185","fires editQuery in context provider","ListItemActionMenu","Thu Apr 30 00:59:32 UTC 2026","passed","Thu Apr 30 00:59:32 UTC 2026","","","",""
"Test cases for TestTrackerBuilder_Build_SortsKeysAndIDs","2","TestTrackerBuilder_Build_SortsKeysAndIDs","","Thu Apr 30 00:55:28 UTC 2026","passed","Thu Apr 30 00:55:28 UTC 2026","","Go Test","github.com/specterops/bloodhound/packages/go/analysis/post/TestTrackerBuilder_Build_SortsKeysAndIDs","TestTrackerBuilder_Build_SortsKeysAndIDs"
"Test cases for FuzzFoldlLazy","0","FuzzFoldlLazy","","Thu Apr 30 00:55:42 UTC 2026","passed","Thu Apr 30 00:55:42 UTC 2026","","Go Test","github.com/specterops/bloodhound/packages/go/slicesext/FuzzFoldlLazy","FuzzFoldlLazy"
"Test cases for TestIsErrorResponse","0","TestIsErrorResponse","","Thu Apr 30 00:54:53 UTC 2026","passed","Thu Apr 30 00:54:53 UTC 2026","","Go Test","github.com/specterops/bloodhound/cmd/api/src/api/TestIsErrorResponse","TestIsErrorResponse"
"","12","shows hint by default","ManagedDatePicker - placeholders","Thu Apr 30 00:58:49 UTC 2026","passed","Thu Apr 30 00:58:49 UTC 2026","","","",""
"","5","returns bounds for text rendered to canvas","getLabelBoundsFromContext","Thu Apr 30 01:02:04 UTC 2026","passed","Thu Apr 30 01:02:04 UTC 2026","","","",""
"","197","renders nothing in the expiration cell when a token has no expires_at","UserTokenManagementDialog - API Expiration Date column","Thu Apr 30 00:57:34 UTC 2026","passed","Thu Apr 30 00:57:34 UTC 2026","","","",""
"Test cases for Test_parseRelationshipKindsParam","0","Test_parseRelationshipKindsParam","","Thu Apr 30 00:55:03 UTC 2026","passed","Thu Apr 30 00:55:03 UTC 2026","","Go Test","github.com/specterops/bloodhound/cmd/api/src/api/v2/Test_parseRelationshipKindsParam","Test_parseRelationshipKindsParam"
"","3","removes the key when undefined is passed to the setter","useLocalStorage","Thu Apr 30 00:58:13 UTC 2026","passed","Thu Apr 30 00:58:13 UTC 2026","","setValue","",""
"Test cases for TestDefineNodeName","0","TestDefineNodeName","","Thu Apr 30 00:55:28 UTC 2026","passed","Thu Apr 30 00:55:28 UTC 2026","","Go Test","github.com/specterops/bloodhound/packages/go/analysis/ad/wellknown/TestDefineNodeName","TestDefineNodeName"
"","52","clears selected if same note is clicked again","NoteCell component","Thu Apr 30 00:59:43 UTC 2026","passed","Thu Apr 30 00:59:43 UTC 2026","","","",""
"","928","renders the form for editing an existing rule","Rule Form","Thu Apr 30 00:56:23 UTC 2026","passed","Thu Apr 30 00:56:24 UTC 2026","","","",""
"","301","Expand button causes table to expand to full height","ExploreTable","Thu Apr 30 00:56:03 UTC 2026","passed","Thu Apr 30 00:56:04 UTC 2026","","","",""
"","149","does not show ""<10 Days to Expire"" warning when token expires in more than 10 days","UserTokenManagementDialog - API Expiration Date column","Thu Apr 30 00:57:34 UTC 2026","passed","Thu Apr 30 00:57:34 UTC 2026","","","",""
"","35","renders GraphButton with correct text","GraphControls","Thu Apr 30 00:57:21 UTC 2026","passed","Thu Apr 30 00:57:21 UTC 2026","","Searching current results","",""
"","113","should display locally formatted numbers if they are larger than 999","LoadContainer","Thu Apr 30 01:01:11 UTC 2026","passed","Thu Apr 30 01:01:11 UTC 2026","","","",""
"","1","filters by moderate risk level","filterAndSearchEnvironments","Thu Apr 30 00:56:19 UTC 2026","passed","Thu Apr 30 00:56:19 UTC 2026","","risk filters","",""
"","193","shows ""API Expiration Date"" column header when expiration is enabled","UserTokenManagementDialog - API Expiration Date column","Thu Apr 30 00:57:33 UTC 2026","passed","Thu Apr 30 00:57:34 UTC 2026","","","",""
"","0","The node radius is adjusted for nodes that have their ""highlighted"" property set to true since the highlight adds some padding","getNodeRadius","Thu Apr 30 01:02:04 UTC 2026","passed","Thu Apr 30 01:02:04 UTC 2026","","","",""
"Test cases for TestAssetGroupMembers_Filter_NotEquals","0","TestAssetGroupMembers_Filter_NotEquals","","Thu Apr 30 00:54:53 UTC 2026","passed","Thu Apr 30 00:54:53 UTC 2026","","Go Test","github.com/specterops/bloodhound/cmd/api/src/api/TestAssetGroupMembers_Filter_NotEquals","TestAssetGroupMembers_Filter_NotEquals"
"","1","returns query config when searchType is relationship and all required params are passed","useExploreGraph","Thu Apr 30 00:57:08 UTC 2026","passed","Thu Apr 30 00:57:08 UTC 2026","relationship search queries","exploreGraphQueryFactory","",""
"","5212","does not close explore search tab menu or entity info panel when search returns one node","CypherSearch","Thu Apr 30 00:57:03 UTC 2026","passed","Thu Apr 30 00:57:08 UTC 2026","","Minimize explorer page elements when multiple nodes are returned","",""
"","67","enables filtering out for tags that are treated as Labels (including Owned)","the useAssetGroupTags utilities","Thu Apr 30 00:57:38 UTC 2026","passed","Thu Apr 30 00:57:38 UTC 2026","","","",""
"","2","determines glyphs with the tier_managent_engine feature flag disabled","getNodeGlyphs","Thu Apr 30 01:01:46 UTC 2026","passed","Thu Apr 30 01:01:46 UTC 2026","","","",""
"","7","returns true if arrays are referentially equal","areArraysSimilar","Thu Apr 30 01:00:42 UTC 2026","passed","Thu Apr 30 01:00:42 UTC 2026","","","",""
"","877","should hide Environmental Targeted Access Control panel when showEnvironmentAccessControls prop is true and power user role is selected","CreateUserForm","Thu Apr 30 00:57:14 UTC 2026","passed","Thu Apr 30 00:57:15 UTC 2026","","","",""
"Test cases for TestManagementResource_DeleteUser_Success","1443","TestManagementResource_DeleteUser_Success","","Thu Apr 30 00:55:27 UTC 2026","passed","Thu Apr 30 00:55:28 UTC 2026","","Go Test","github.com/specterops/bloodhound/cmd/api/src/api/v2/auth/TestManagementResource_DeleteUser_Success","TestManagementResource_DeleteUser_Success"
"","1637","search filters edges by name","Pathfinding","Thu Apr 30 00:57:07 UTC 2026","passed","Thu Apr 30 00:57:09 UTC 2026","","","",""
"Test cases for Test_signedRequestDate","0","Test_signedRequestDate","","Thu Apr 30 00:54:56 UTC 2026","passed","Thu Apr 30 00:54:56 UTC 2026","","Go Test","github.com/specterops/bloodhound/cmd/api/src/api/middleware/Test_signedRequestDate","Test_signedRequestDate"
"","16","displays CaretUp icon when the sortOrder is asc","ColumnHeaders","Thu Apr 30 00:58:52 UTC 2026","passed","Thu Apr 30 00:58:52 UTC 2026","","SortableHeader","",""
"Test cases for TestResources_DeleteSavedQuery_PublicQueryAndUserIsAdmin","0","TestResources_DeleteSavedQuery_PublicQueryAndUserIsAdmin","","Thu Apr 30 00:55:03 UTC 2026","passed","Thu Apr 30 00:55:03 UTC 2026","","Go Test","github.com/specterops/bloodhound/cmd/api/src/api/v2/TestResources_DeleteSavedQuery_PublicQueryAndUserIsAdmin","TestResources_DeleteSavedQuery_PublicQueryAndUserIsAdmin"
"Test cases for TestDomainSelectors_GetFilterableColumns","0","TestDomainSelectors_GetFilterableColumns","","Thu Apr 30 00:55:07 UTC 2026","passed","Thu Apr 30 00:55:07 UTC 2026","","Go Test","github.com/specterops/bloodhound/cmd/api/src/model/TestDomainSelectors_GetFilterableColumns","TestDomainSelectors_GetFilterableColumns"
"Test cases for TestCache_Reset","0","TestCache_Reset","","Thu Apr 30 00:55:29 UTC 2026","passed","Thu Apr 30 00:55:29 UTC 2026","","Go Test","github.com/specterops/bloodhound/packages/go/cache/TestCache_Reset","TestCache_Reset"
"Test cases for TestMap","0","TestMap","","Thu Apr 30 00:55:30 UTC 2026","passed","Thu Apr 30 00:55:30 UTC 2026","","Go Test","github.com/specterops/bloodhound/packages/go/lab/internal/TestMap","TestMap"
"","109","renders Empty when items is undefined and Empty is provided","<DetailsAccordion />","Thu Apr 30 00:57:41 UTC 2026","passed","Thu Apr 30 00:57:41 UTC 2026","","","",""
"Test cases for TestResources_GetBaseEntityInfo","291","TestResources_GetBaseEntityInfo","","Thu Apr 30 00:55:03 UTC 2026","passed","Thu Apr 30 00:55:03 UTC 2026","","Go Test","github.com/specterops/bloodhound/cmd/api/src/api/v2/TestResources_GetBaseEntityInfo","TestResources_GetBaseEntityInfo"
"","501","should not allow the input to exceed the allowed length","CreateUserForm","Thu Apr 30 00:57:12 UTC 2026","passed","Thu Apr 30 00:57:13 UTC 2026","","","",""
"","2374","checking a single edge type updates its parent and grandparent","Pathfinding","Thu Apr 30 00:56:57 UTC 2026","passed","Thu Apr 30 00:57:00 UTC 2026","","","",""
"Test cases for TestParseUUID","0","TestParseUUID","","Thu Apr 30 00:55:28 UTC 2026","passed","Thu Apr 30 00:55:28 UTC 2026","","Go Test","github.com/specterops/bloodhound/cmd/api/src/utils/TestParseUUID","TestParseUUID"
"","180","renders with the Export and Delete buttons disabled","QuerySearchFilter","Thu Apr 30 00:59:10 UTC 2026","passed","Thu Apr 30 00:59:10 UTC 2026","","","",""
"","732","renders the node in the entity panel when member is clicked","GroupManagement","Thu Apr 30 01:01:55 UTC 2026","passed","Thu Apr 30 01:01:56 UTC 2026","","","",""
"Test cases for TestParseSkipQueryParameter_Invalid","0","TestParseSkipQueryParameter_Invalid","","Thu Apr 30 00:55:03 UTC 2026","passed","Thu Apr 30 00:55:03 UTC 2026","","Go Test","github.com/specterops/bloodhound/cmd/api/src/api/v2/TestParseSkipQueryParameter_Invalid","TestParseSkipQueryParameter_Invalid"
"Test cases for TestRRuleValidator","1","TestRRuleValidator","","Thu Apr 30 00:55:28 UTC 2026","passed","Thu Apr 30 00:55:28 UTC 2026","","Go Test","github.com/specterops/bloodhound/cmd/api/src/utils/validation/TestRRuleValidator","TestRRuleValidator"
"Test cases for TestFloatValueOrZero","0","TestFloatValueOrZero","","Thu Apr 30 00:55:06 UTC 2026","passed","Thu Apr 30 00:55:06 UTC 2026","","Go Test","github.com/specterops/bloodhound/cmd/api/src/database/types/null/TestFloatValueOrZero","TestFloatValueOrZero"
"","6","should not render a Field when the provided value is []","Field","Thu Apr 30 01:00:32 UTC 2026","passed","Thu Apr 30 01:00:32 UTC 2026","","","",""
"Test cases for TestSelfDestructingTempFile","0","TestSelfDestructingTempFile","","Thu Apr 30 00:54:53 UTC 2026","passed","Thu Apr 30 00:54:53 UTC 2026","","Go Test","github.com/specterops/bloodhound/cmd/api/src/api/TestSelfDestructingTempFile","TestSelfDestructingTempFile"
"Test cases for TestMarshalInt64","0","TestMarshalInt64","","Thu Apr 30 00:55:06 UTC 2026","passed","Thu Apr 30 00:55:06 UTC 2026","","Go Test","github.com/specterops/bloodhound/cmd/api/src/database/types/null/TestMarshalInt64","TestMarshalInt64"
"","268","The reset password and two-factor authentication options should not appear in profile page if the user is configured for SAML login","UserProfile with SSO User","Thu Apr 30 00:58:06 UTC 2026","passed","Thu Apr 30 00:58:06 UTC 2026","","","",""
"","308","should call the checkbox filter function when clicking on a checkbox input","Checkbox group","Thu Apr 30 01:00:48 UTC 2026","passed","Thu Apr 30 01:00:48 UTC 2026","","","",""
"","17","returns active-directory environmentInfo when environmentAggregation param is active-directory","useAvailableEnvironments","Thu Apr 30 00:58:35 UTC 2026","passed","Thu Apr 30 00:58:35 UTC 2026","","useSelectedEnvironment","",""
"","747","renders a primary button as expected","DropdownSelector","Thu Apr 30 00:59:46 UTC 2026","passed","Thu Apr 30 00:59:46 UTC 2026","","","",""
"","194","closes the dialog when the ""Cancel"" button is clicked","SchemaUploadDialog","Thu Apr 30 00:57:20 UTC 2026","passed","Thu Apr 30 00:57:21 UTC 2026","","","",""
"","2","returns undefined if graphData is undefined","normalizeGraphDataForSigma","Thu Apr 30 01:02:10 UTC 2026","passed","Thu Apr 30 01:02:10 UTC 2026","","","",""
"Test cases for TestResources_GetAssetGroupMemberCount_DBError","0","TestResources_GetAssetGroupMemberCount_DBError","","Thu Apr 30 00:55:03 UTC 2026","passed","Thu Apr 30 00:55:03 UTC 2026","","Go Test","github.com/specterops/bloodhound/cmd/api/src/api/v2/TestResources_GetAssetGroupMemberCount_DBError","TestResources_GetAssetGroupMemberCount_DBError"
"","185","adds node to asset group tag without confirmation","AssetGroupMenuItem","Thu Apr 30 00:57:50 UTC 2026","passed","Thu Apr 30 00:57:50 UTC 2026","","","",""
"Test cases for TestResources_ListADUserSQLAdminRights","0","TestResources_ListADUserSQLAdminRights","","Thu Apr 30 00:55:03 UTC 2026","passed","Thu Apr 30 00:55:03 UTC 2026","","Go Test","github.com/specterops/bloodhound/cmd/api/src/api/v2/TestResources_ListADUserSQLAdminRights","TestResources_ListADUserSQLAdminRights"
"","196","handles chevron click event","CommonSearches","Thu Apr 30 00:57:46 UTC 2026","passed","Thu Apr 30 00:57:47 UTC 2026","","","",""
"","368","displays a “Disable query timeout” checkbox when timeout limit param config is enabled false","ExploreSearch interaction","Thu Apr 30 01:01:37 UTC 2026","passed","Thu Apr 30 01:01:38 UTC 2026","","","",""
"","2863","search forces sections to expand when there is a match","Pathfinding","Thu Apr 30 00:57:10 UTC 2026","passed","Thu Apr 30 00:57:13 UTC 2026","","","",""
"","1","filters by high risk level","filterAndSearchEnvironments","Thu Apr 30 00:56:19 UTC 2026","passed","Thu Apr 30 00:56:19 UTC 2026","","risk filters","",""
"","12","the ID value reflects the URL when it is available","usePZQueryParams","Thu Apr 30 00:59:12 UTC 2026","passed","Thu Apr 30 00:59:12 UTC 2026","","","",""
"Test cases for TestRewriter_Enter_AllAttackPathsShortcut_ReplacesKinds","0","TestRewriter_Enter_AllAttackPathsShortcut_ReplacesKinds","","Thu Apr 30 00:55:08 UTC 2026","passed","Thu Apr 30 00:55:08 UTC 2026","","Go Test","github.com/specterops/bloodhound/cmd/api/src/queries/TestRewriter_Enter_AllAttackPathsShortcut_ReplacesKinds","TestRewriter_Enter_AllAttackPathsShortcut_ReplacesKinds"
"","1","should return the edge parts from the key","getEdgeDataFromKey","Thu Apr 30 01:02:12 UTC 2026","passed","Thu Apr 30 01:02:12 UTC 2026","","","",""
"Test cases for TestDomainSelectors_GetFilterCriteria_Success_Empty","0","TestDomainSelectors_GetFilterCriteria_Success_Empty","","Thu Apr 30 00:55:07 UTC 2026","passed","Thu Apr 30 00:55:07 UTC 2026","","Go Test","github.com/specterops/bloodhound/cmd/api/src/model/TestDomainSelectors_GetFilterCriteria_Success_Empty","TestDomainSelectors_GetFilterCriteria_Success_Empty"
"","0","returns undefined if paramValue is not an expected value","useExploreParams","Thu Apr 30 01:01:08 UTC 2026","passed","Thu Apr 30 01:01:08 UTC 2026","","parseSearchType","",""
"Test cases for TestIngestJobs_IsSortable","0","TestIngestJobs_IsSortable","","Thu Apr 30 00:55:07 UTC 2026","passed","Thu Apr 30 00:55:07 UTC 2026","","Go Test","github.com/specterops/bloodhound/cmd/api/src/model/TestIngestJobs_IsSortable","TestIngestJobs_IsSortable"
"Test cases for TestError","0","TestError","","Thu Apr 30 00:54:53 UTC 2026","passed","Thu Apr 30 00:54:53 UTC 2026","","Go Test","github.com/specterops/bloodhound/cmd/api/src/api/TestError","TestError"
"","199","clears value if input is empty","ManagedDatePicker - input","Thu Apr 30 00:58:50 UTC 2026","passed","Thu Apr 30 00:58:50 UTC 2026","","","",""
"Test cases for TestManagementResource_ListPermissions_InvalidFilterPredicate","0","TestManagementResource_ListPermissions_InvalidFilterPredicate","","Thu Apr 30 00:55:09 UTC 2026","passed","Thu Apr 30 00:55:09 UTC 2026","","Go Test","github.com/specterops/bloodhound/cmd/api/src/api/v2/auth/TestManagementResource_ListPermissions_InvalidFilterPredicate","TestManagementResource_ListPermissions_InvalidFilterPredicate"
"","6","uses the default filename generator when exporting JSON","exportGraphData","Thu Apr 30 01:00:26 UTC 2026","passed","Thu Apr 30 01:00:26 UTC 2026","","","",""
"Test cases for TestResources_ListUsersMinimal","4","TestResources_ListUsersMinimal","","Thu Apr 30 00:55:48 UTC 2026","passed","Thu Apr 30 00:55:48 UTC 2026","","Go Test","github.com/specterops/bloodhound/cmd/api/src/api/v2/auth/TestResources_ListUsersMinimal","TestResources_ListUsersMinimal"
"","8","when password is not expired no redirect occurs","AuthenticatedRoute","Thu Apr 30 01:02:00 UTC 2026","passed","Thu Apr 30 01:02:00 UTC 2026","","","",""
"Test cases for TestFloatFrom","0","TestFloatFrom","","Thu Apr 30 00:55:06 UTC 2026","passed","Thu Apr 30 00:55:06 UTC 2026","","Go Test","github.com/specterops/bloodhound/cmd/api/src/database/types/null/TestFloatFrom","TestFloatFrom"
"","209","will request feature-flags when the user is fully authenticated","app","Thu Apr 30 01:02:02 UTC 2026","passed","Thu Apr 30 01:02:02 UTC 2026","","<Inner />","",""
"","3","rounds down fractional minutes/days","getSimpleDuration","Thu Apr 30 01:00:21 UTC 2026","passed","Thu Apr 30 01:00:21 UTC 2026","","","",""
"Test cases for TestUnifiedGraph_AddPathSet","1","TestUnifiedGraph_AddPathSet","","Thu Apr 30 00:55:07 UTC 2026","passed","Thu Apr 30 00:55:07 UTC 2026","","Go Test","github.com/specterops/bloodhound/cmd/api/src/model/TestUnifiedGraph_AddPathSet","TestUnifiedGraph_AddPathSet"
"","259","disables any available button toggles if the user lacks the permission","EarlyAccessFeatures","Thu Apr 30 01:01:55 UTC 2026","passed","Thu Apr 30 01:01:56 UTC 2026","","","",""
"","331","sets a primarySearch=id and searchType=node when secondarySearch is falsey","ContextMenu","Thu Apr 30 01:01:46 UTC 2026","passed","Thu Apr 30 01:01:46 UTC 2026","","","",""
"Test cases for TestResources_ListADDomainForeignGPOControllers","0","TestResources_ListADDomainForeignGPOControllers","","Thu Apr 30 00:55:03 UTC 2026","passed","Thu Apr 30 00:55:03 UTC 2026","","Go Test","github.com/specterops/bloodhound/cmd/api/src/api/v2/TestResources_ListADDomainForeignGPOControllers","TestResources_ListADDomainForeignGPOControllers"
"","880","does not show a warning for using labels associated with tags in label forms (also shows correct View in Explore link)","Rule Form","Thu Apr 30 00:56:29 UTC 2026","passed","Thu Apr 30 00:56:30 UTC 2026","","","",""
"","3","A warning is printed when node positions are not available to apply from","applyNodePositionsFromGraphlibGraph","Thu Apr 30 01:01:59 UTC 2026","passed","Thu Apr 30 01:01:59 UTC 2026","","","",""
"","13","returns all collected environment ids associated to a given aggregation","getEnvironmentAggregationIds","Thu Apr 30 00:56:19 UTC 2026","passed","Thu Apr 30 00:56:19 UTC 2026","","","",""
"","68","navigates to the specified route with global params intact","AppNavigate","Thu Apr 30 00:59:49 UTC 2026","passed","Thu Apr 30 00:59:49 UTC 2026","","","",""
"Test cases for TestManagementResource_ListAuthTokens_DBError","0","TestManagementResource_ListAuthTokens_DBError","","Thu Apr 30 00:55:33 UTC 2026","passed","Thu Apr 30 00:55:33 UTC 2026","","Go Test","github.com/specterops/bloodhound/cmd/api/src/api/v2/auth/TestManagementResource_ListAuthTokens_DBError","TestManagementResource_ListAuthTokens_DBError"
"","608","Download button opens a menu and selecting ""All Columns"" calls json2csv with all columns","ExploreTable","Thu Apr 30 00:56:04 UTC 2026","passed","Thu Apr 30 00:56:04 UTC 2026","","","",""
"","142","renders error message on error","ObjectCountPanel","Thu Apr 30 01:00:29 UTC 2026","passed","Thu Apr 30 01:00:29 UTC 2026","","","",""
"Test cases for TestInt64Equal","0","TestInt64Equal","","Thu Apr 30 00:55:06 UTC 2026","passed","Thu Apr 30 00:55:06 UTC 2026","","Go Test","github.com/specterops/bloodhound/cmd/api/src/database/types/null/TestInt64Equal","TestInt64Equal"
"","3263","Sort arrow is visible and direction is correct","ExploreTable","Thu Apr 30 00:56:16 UTC 2026","passed","Thu Apr 30 00:56:20 UTC 2026","","","",""
"","171","upon selecting a source node, updates the URL with a searchType of 'node' and primarySearch of the node's objectid","useNodeSearch","Thu Apr 30 01:00:05 UTC 2026","passed","Thu Apr 30 01:00:05 UTC 2026","","","",""
"Test cases for TestUnmarshalString","0","TestUnmarshalString","","Thu Apr 30 00:55:06 UTC 2026","passed","Thu Apr 30 00:55:06 UTC 2026","","Go Test","github.com/specterops/bloodhound/cmd/api/src/database/types/null/TestUnmarshalString","TestUnmarshalString"
"Test cases for TestResolver_StartDone","13","TestResolver_StartDone","","Thu Apr 30 00:55:11 UTC 2026","passed","Thu Apr 30 00:55:11 UTC 2026","","Go Test","github.com/specterops/bloodhound/cmd/api/src/services/graphify/endpoint/TestResolver_StartDone","TestResolver_StartDone"
"","301","renders","EarlyAccessFeaturesWarningDialog","Thu Apr 30 01:02:13 UTC 2026","passed","Thu Apr 30 01:02:14 UTC 2026","","","",""
"","137","should render tag to Label content","TagToZoneLabelDialog","Thu Apr 30 00:58:59 UTC 2026","passed","Thu Apr 30 00:58:59 UTC 2026","","","",""
"","0","abbreviates thousands, millions, billions, trillions as expected","numberFormatting","Thu Apr 30 00:58:55 UTC 2026","passed","Thu Apr 30 00:58:55 UTC 2026","","","",""
"","0","should be case-insensitive when matching by path","opsFilter","Thu Apr 30 01:00:02 UTC 2026","passed","Thu Apr 30 01:00:02 UTC 2026","","","",""
"","52","does not add a query param if the search term is empty","useNodeSearch","Thu Apr 30 01:00:05 UTC 2026","passed","Thu Apr 30 01:00:06 UTC 2026","","","",""
"","1709","should render search input","Pathfinding","Thu Apr 30 00:56:34 UTC 2026","passed","Thu Apr 30 00:56:36 UTC 2026","","","",""
"","32","should display the checkbox group title","Checkbox group","Thu Apr 30 01:00:48 UTC 2026","passed","Thu Apr 30 01:00:48 UTC 2026","","","",""
"Test cases for TestBoolEqual","1","TestBoolEqual","","Thu Apr 30 00:55:06 UTC 2026","passed","Thu Apr 30 00:55:06 UTC 2026","","Go Test","github.com/specterops/bloodhound/cmd/api/src/database/types/null/TestBoolEqual","TestBoolEqual"
"Test cases for TestVersion_GreaterThan","0","TestVersion_GreaterThan","","Thu Apr 30 00:55:28 UTC 2026","passed","Thu Apr 30 00:55:28 UTC 2026","","Go Test","github.com/specterops/bloodhound/cmd/api/src/version/TestVersion_GreaterThan","TestVersion_GreaterThan"
"Test cases for TestIngestJobs_ValidFilters","0","TestIngestJobs_ValidFilters","","Thu Apr 30 00:55:07 UTC 2026","passed","Thu Apr 30 00:55:07 UTC 2026","","Go Test","github.com/specterops/bloodhound/cmd/api/src/model/TestIngestJobs_ValidFilters","TestIngestJobs_ValidFilters"
"","231","shows all checked boxes","GraphDataCheckboxes","Thu Apr 30 00:57:02 UTC 2026","passed","Thu Apr 30 00:57:02 UTC 2026","","","",""
"","108","renders a dash when actor is BloodHoundString","NoteCell component","Thu Apr 30 00:59:42 UTC 2026","passed","Thu Apr 30 00:59:42 UTC 2026","","","",""
"","6","uses the discardQueryParams prop to discard all query params on the redirect","AppNavigate","Thu Apr 30 00:59:49 UTC 2026","passed","Thu Apr 30 00:59:49 UTC 2026","","","",""
"","9","should render when search string matches text entirely","HighlightedText","Thu Apr 30 01:00:19 UTC 2026","passed","Thu Apr 30 01:00:19 UTC 2026","","","",""
"","69","displays ! icon when one of the Affected Object calls fail","EntityInfoDataTableGraphed","Thu Apr 30 00:58:04 UTC 2026","passed","Thu Apr 30 00:58:04 UTC 2026","","Node count for nested table that counts all sections","",""
"","90","should display the ETAC role-based filtering badge when filtering is enabled","Zone Management","Thu Apr 30 00:59:53 UTC 2026","passed","Thu Apr 30 00:59:53 UTC 2026","","","",""
"Test cases for FuzzFoldl","0","FuzzFoldl","","Thu Apr 30 00:55:42 UTC 2026","passed","Thu Apr 30 00:55:42 UTC 2026","","Go Test","github.com/specterops/bloodhound/packages/go/slicesext/FuzzFoldl","FuzzFoldl"
"","366","has user filters","FileIngestFilterDialog","Thu Apr 30 00:57:31 UTC 2026","passed","Thu Apr 30 00:57:31 UTC 2026","","User Select","",""
"Test cases for TestAssetGroupMembers_BuildFilteringConditional_Error","0","TestAssetGroupMembers_BuildFilteringConditional_Error","","Thu Apr 30 00:54:53 UTC 2026","passed","Thu Apr 30 00:54:53 UTC 2026","","Go Test","github.com/specterops/bloodhound/cmd/api/src/api/TestAssetGroupMembers_BuildFilteringConditional_Error","TestAssetGroupMembers_BuildFilteringConditional_Error"
"","128","displays a table of completed ingest logs","FileIngest","Thu Apr 30 01:00:13 UTC 2026","passed","Thu Apr 30 01:00:13 UTC 2026","","","",""
"Test cases for TestKeyEncoder_Key_VaryingInputs","0","TestKeyEncoder_Key_VaryingInputs","","Thu Apr 30 00:55:28 UTC 2026","passed","Thu Apr 30 00:55:28 UTC 2026","","Go Test","github.com/specterops/bloodhound/packages/go/analysis/post/TestKeyEncoder_Key_VaryingInputs","TestKeyEncoder_Key_VaryingInputs"
"Test cases for TestCreateAssetGroupRequest_AuditData","0","TestCreateAssetGroupRequest_AuditData","","Thu Apr 30 00:55:03 UTC 2026","passed","Thu Apr 30 00:55:03 UTC 2026","","Go Test","github.com/specterops/bloodhound/cmd/api/src/api/v2/TestCreateAssetGroupRequest_AuditData","TestCreateAssetGroupRequest_AuditData"
"","0","should exclude operations within a tag when only the path matches but not all paths","opsFilter","Thu Apr 30 01:00:02 UTC 2026","passed","Thu Apr 30 01:00:02 UTC 2026","","","",""
"Test cases for TestMatches_FailureErrMsg","0","TestMatches_FailureErrMsg","","Thu Apr 30 00:55:07 UTC 2026","passed","Thu Apr 30 00:55:07 UTC 2026","","Go Test","github.com/specterops/bloodhound/cmd/api/src/model/TestMatches_FailureErrMsg","TestMatches_FailureErrMsg"
"","130","renders details for a selected rule and is of type ""Cypher""","DynamicDetails","Thu Apr 30 00:58:11 UTC 2026","passed","Thu Apr 30 00:58:11 UTC 2026","","","",""
"","233","fires delete when edit is clicked","ListItemActionMenu","Thu Apr 30 00:59:32 UTC 2026","passed","Thu Apr 30 00:59:32 UTC 2026","","","",""
"Test cases for TestResources_ListADEntityRDPRights","0","TestResources_ListADEntityRDPRights","","Thu Apr 30 00:55:03 UTC 2026","passed","Thu Apr 30 00:55:03 UTC 2026","","Go Test","github.com/specterops/bloodhound/cmd/api/src/api/v2/TestResources_ListADEntityRDPRights","TestResources_ListADEntityRDPRights"
"Test cases for TestFetchTenants","0","TestFetchTenants","","Thu Apr 30 00:55:28 UTC 2026","passed","Thu Apr 30 00:55:28 UTC 2026","","Go Test","github.com/specterops/bloodhound/packages/go/analysis/azure/TestFetchTenants","TestFetchTenants"
"Test cases for TestResources_ToggleFlag","0","TestResources_ToggleFlag","","Thu Apr 30 00:55:03 UTC 2026","passed","Thu Apr 30 00:55:03 UTC 2026","","Go Test","github.com/specterops/bloodhound/cmd/api/src/api/v2/TestResources_ToggleFlag","TestResources_ToggleFlag"
"","772","switches Rule tab to active/selected when clicked","Selected Details Tabs","Thu Apr 30 00:58:20 UTC 2026","passed","Thu Apr 30 00:58:21 UTC 2026","","Selected Details Tabs - Click Interactions","",""
"Test cases for TestFilter","0","TestFilter","","Thu Apr 30 00:55:42 UTC 2026","passed","Thu Apr 30 00:55:42 UTC 2026","","Go Test","github.com/specterops/bloodhound/packages/go/slicesext/TestFilter","TestFilter"
"","2","should recognize azure properties","validating a node property against the shared generated schema","Thu Apr 30 00:57:49 UTC 2026","passed","Thu Apr 30 00:57:49 UTC 2026","","","",""
"Test cases for TestFormatDatabaseError","0","TestFormatDatabaseError","","Thu Apr 30 00:54:53 UTC 2026","passed","Thu Apr 30 00:54:53 UTC 2026","","Go Test","github.com/specterops/bloodhound/cmd/api/src/api/TestFormatDatabaseError","TestFormatDatabaseError"
"","706","app does not crash if ""token"" cookie exists and ""persistedState"" localstorage key does not exist","redux store","Thu Apr 30 01:02:07 UTC 2026","passed","Thu Apr 30 01:02:08 UTC 2026","","","",""
"Test cases for TestRateLimitMiddleware","0","TestRateLimitMiddleware","","Thu Apr 30 00:54:56 UTC 2026","passed","Thu Apr 30 00:54:56 UTC 2026","","Go Test","github.com/specterops/bloodhound/cmd/api/src/api/middleware/TestRateLimitMiddleware","TestRateLimitMiddleware"
"","0","reports an API error when there is only statusText","handleError","Thu Apr 30 00:57:24 UTC 2026","passed","Thu Apr 30 00:57:24 UTC 2026","","","",""
"Test cases for TestGC_Name","0","TestGC_Name","","Thu Apr 30 00:55:04 UTC 2026","passed","Thu Apr 30 00:55:04 UTC 2026","","Go Test","github.com/specterops/bloodhound/cmd/api/src/daemons/gc/TestGC_Name","TestGC_Name"
"","40","renders the title passed via title prop","ColumnHeaders","Thu Apr 30 00:58:52 UTC 2026","passed","Thu Apr 30 00:58:52 UTC 2026","","SortableHeader","",""
"Test cases for TestIsValidContentTypeForUpload","0","TestIsValidContentTypeForUpload","","Thu Apr 30 00:55:03 UTC 2026","passed","Thu Apr 30 00:55:03 UTC 2026","","Go Test","github.com/specterops/bloodhound/cmd/api/src/api/v2/TestIsValidContentTypeForUpload","TestIsValidContentTypeForUpload"
"","60","fails checks if the user does not have a matching permission","usePermissions","Thu Apr 30 00:58:00 UTC 2026","passed","Thu Apr 30 00:58:00 UTC 2026","","","",""
"","236","sums nested section node counts","EntityInfoDataTableGraphed","Thu Apr 30 00:58:04 UTC 2026","passed","Thu Apr 30 00:58:04 UTC 2026","","Node count for nested table that counts all sections","",""
"Test cases for TestResources_ListADComputerConstrainedDelegationUsers","0","TestResources_ListADComputerConstrainedDelegationUsers","","Thu Apr 30 00:55:03 UTC 2026","passed","Thu Apr 30 00:55:03 UTC 2026","","Go Test","github.com/specterops/bloodhound/cmd/api/src/api/v2/TestResources_ListADComputerConstrainedDelegationUsers","TestResources_ListADComputerConstrainedDelegationUsers"
"","0","EXTENDED ROUNDING when thresholds are set: does not abbreviate numbers < 10000","numberFormatting","Thu Apr 30 00:58:55 UTC 2026","passed","Thu Apr 30 00:58:55 UTC 2026","","","",""
"Test cases for TestInt64From","0","TestInt64From","","Thu Apr 30 00:55:06 UTC 2026","passed","Thu Apr 30 00:55:06 UTC 2026","","Go Test","github.com/specterops/bloodhound/cmd/api/src/database/types/null/TestInt64From","TestInt64From"
"","21","returns initialValue when the key is absent from localStorage","useLocalStorage","Thu Apr 30 00:58:13 UTC 2026","passed","Thu Apr 30 00:58:13 UTC 2026","","initial value","",""
"","1","EXTENDED ROUNDING when thresholds are set: abbreviates hundred-thousands, millions, billions, trillions as expected","numberFormatting","Thu Apr 30 00:58:55 UTC 2026","passed","Thu Apr 30 00:58:55 UTC 2026","","","",""
"","1","filters by multiple risk levels","filterAndSearchEnvironments","Thu Apr 30 00:56:19 UTC 2026","passed","Thu Apr 30 00:56:19 UTC 2026","","risk filters","",""
"","18","renders correctly when an unexpected nodeType is passed","NodeIcon","Thu Apr 30 01:00:25 UTC 2026","passed","Thu Apr 30 01:00:25 UTC 2026","","","",""
"","0","EXTENDED ROUNDING when thresholds are set: abbreviates numbers larger than 1000 and should not round the tenth place digit","numberFormatting","Thu Apr 30 00:58:55 UTC 2026","passed","Thu Apr 30 00:58:55 UTC 2026","","","",""
"Test cases for TestOrphanFileSweeper_Clear","4","TestOrphanFileSweeper_Clear","","Thu Apr 30 00:55:04 UTC 2026","passed","Thu Apr 30 00:55:04 UTC 2026","","Go Test","github.com/specterops/bloodhound/cmd/api/src/daemons/datapipe/TestOrphanFileSweeper_Clear","TestOrphanFileSweeper_Clear"
"Test cases for TestResources_GetEnterpriseCAEntityInfo","332","TestResources_GetEnterpriseCAEntityInfo","","Thu Apr 30 00:55:03 UTC 2026","passed","Thu Apr 30 00:55:03 UTC 2026","","Go Test","github.com/specterops/bloodhound/cmd/api/src/api/v2/TestResources_GetEnterpriseCAEntityInfo","TestResources_GetEnterpriseCAEntityInfo"
"","5","displays a pulsing indicator","StatusIndicator","Thu Apr 30 01:00:55 UTC 2026","passed","Thu Apr 30 01:00:55 UTC 2026","","","",""
"Test cases for TestNewAuditLog","0","TestNewAuditLog","","Thu Apr 30 00:55:05 UTC 2026","passed","Thu Apr 30 00:55:05 UTC 2026","","Go Test","github.com/specterops/bloodhound/cmd/api/src/database/TestNewAuditLog","TestNewAuditLog"
"","192","displays an error when unable to fetch data","EarlyAccessFeatures","Thu Apr 30 01:01:55 UTC 2026","passed","Thu Apr 30 01:01:55 UTC 2026","","","",""
"","675","renders the form for creating a new zone","Tag Form","Thu Apr 30 00:56:04 UTC 2026","passed","Thu Apr 30 00:56:05 UTC 2026","","","",""
"","705","should display generate/revoke api tokens button","Api Keys","Thu Apr 30 00:59:35 UTC 2026","passed","Thu Apr 30 00:59:35 UTC 2026","","","",""
"Test cases for TestResources_UpdateSavedQuery_GetSavedQueryError","0","TestResources_UpdateSavedQuery_GetSavedQueryError","","Thu Apr 30 00:55:03 UTC 2026","passed","Thu Apr 30 00:55:03 UTC 2026","","Go Test","github.com/specterops/bloodhound/cmd/api/src/api/v2/TestResources_UpdateSavedQuery_GetSavedQueryError","TestResources_UpdateSavedQuery_GetSavedQueryError"
"","686","displays must be new password error messages when current password is the same as new password","PasswordDialog","Thu Apr 30 00:56:40 UTC 2026","passed","Thu Apr 30 00:56:41 UTC 2026","","","",""
"Test cases for TestRequestWaitDuration_Negative","0","TestRequestWaitDuration_Negative","","Thu Apr 30 00:54:56 UTC 2026","passed","Thu Apr 30 00:54:56 UTC 2026","","Go Test","github.com/specterops/bloodhound/cmd/api/src/api/middleware/TestRequestWaitDuration_Negative","TestRequestWaitDuration_Negative"
"Test cases for TestResources_CreateSavedQuery_NotAUserAuth","0","TestResources_CreateSavedQuery_NotAUserAuth","","Thu Apr 30 00:55:03 UTC 2026","passed","Thu Apr 30 00:55:03 UTC 2026","","Go Test","github.com/specterops/bloodhound/cmd/api/src/api/v2/TestResources_CreateSavedQuery_NotAUserAuth","TestResources_CreateSavedQuery_NotAUserAuth"
"","59","returns false on 404","useGraphHasData","Thu Apr 30 01:00:29 UTC 2026","passed","Thu Apr 30 01:00:29 UTC 2026","","","",""
"","73","fetches new information when a different databaseId is passed","useFetchEntityInfo","Thu Apr 30 00:58:43 UTC 2026","passed","Thu Apr 30 00:58:43 UTC 2026","","","",""
"","136","renders details for a selected zone","DynamicDetails","Thu Apr 30 00:58:11 UTC 2026","passed","Thu Apr 30 00:58:11 UTC 2026","","","",""
"","752","should not have less characters than the minimum requirement","CreateUserForm","Thu Apr 30 00:57:12 UTC 2026","passed","Thu Apr 30 00:57:12 UTC 2026","","","",""
"Test cases for TestPredefinedNodeNamePrefixes","0","TestPredefinedNodeNamePrefixes","","Thu Apr 30 00:55:28 UTC 2026","passed","Thu Apr 30 00:55:28 UTC 2026","","Go Test","github.com/specterops/bloodhound/packages/go/analysis/ad/wellknown/TestPredefinedNodeNamePrefixes","TestPredefinedNodeNamePrefixes"
"","798","should render","CypherSearch","Thu Apr 30 00:56:49 UTC 2026","passed","Thu Apr 30 00:56:50 UTC 2026","","","",""
"Test cases for TestResources_DeleteSavedQuery_RecordNotFound","2","TestResources_DeleteSavedQuery_RecordNotFound","","Thu Apr 30 00:55:03 UTC 2026","passed","Thu Apr 30 00:55:03 UTC 2026","","Go Test","github.com/specterops/bloodhound/cmd/api/src/api/v2/TestResources_DeleteSavedQuery_RecordNotFound","TestResources_DeleteSavedQuery_RecordNotFound"
"","1805","Clicking header allows user to sort by column","ExploreTable","Thu Apr 30 00:56:02 UTC 2026","passed","Thu Apr 30 00:56:03 UTC 2026","","","",""
"","2558","should render expand all and collapse all buttons","Pathfinding","Thu Apr 30 00:56:36 UTC 2026","passed","Thu Apr 30 00:56:39 UTC 2026","","","",""
"","77","indicates that filters are active","AssetGroupEdit","Thu Apr 30 00:57:54 UTC 2026","passed","Thu Apr 30 00:57:54 UTC 2026","","","",""
"","105","applies correct dynamic height based on filtered data","ActiveExtensionsCard","Thu Apr 30 00:56:26 UTC 2026","passed","Thu Apr 30 00:56:26 UTC 2026","","","",""
"","283","should call onClose when the Close button is clicked","UpsertSAMLProviderForm","Thu Apr 30 00:59:52 UTC 2026","passed","Thu Apr 30 00:59:52 UTC 2026","","","",""
"","1450","should call the setCypherQuery handler when the value in the editor changes","CypherSearch","Thu Apr 30 00:56:50 UTC 2026","passed","Thu Apr 30 00:56:51 UTC 2026","","","",""
"","418","Should call handler when a member is clicked","AssetGroupMemberList","Thu Apr 30 01:00:18 UTC 2026","passed","Thu Apr 30 01:00:19 UTC 2026","","","",""
"Test cases for TestContextMiddlewareBypassEnabled","0","TestContextMiddlewareBypassEnabled","","Thu Apr 30 00:54:56 UTC 2026","passed","Thu Apr 30 00:54:56 UTC 2026","","Go Test","github.com/specterops/bloodhound/cmd/api/src/api/middleware/TestContextMiddlewareBypassEnabled","TestContextMiddlewareBypassEnabled"
"Test cases for TestRoleAssignments_NodesWithRole","0","TestRoleAssignments_NodesWithRole","","Thu Apr 30 00:55:28 UTC 2026","passed","Thu Apr 30 00:55:28 UTC 2026","","Go Test","github.com/specterops/bloodhound/packages/go/analysis/azure/TestRoleAssignments_NodesWithRole","TestRoleAssignments_NodesWithRole"
"Test cases for TestAuditLogin_UserNotFound","0","TestAuditLogin_UserNotFound","","Thu Apr 30 00:54:53 UTC 2026","passed","Thu Apr 30 00:54:53 UTC 2026","","Go Test","github.com/specterops/bloodhound/cmd/api/src/api/TestAuditLogin_UserNotFound","TestAuditLogin_UserNotFound"
"Test cases for Test_sortAndSliceResults_limit","1","Test_sortAndSliceResults_limit","","Thu Apr 30 00:55:08 UTC 2026","passed","Thu Apr 30 00:55:08 UTC 2026","","Go Test","github.com/specterops/bloodhound/cmd/api/src/queries/Test_sortAndSliceResults_limit","Test_sortAndSliceResults_limit"
"","405","should call onSubmit with one time passcode when check code button clicked","OneTimePasscodeForm","Thu Apr 30 01:00:16 UTC 2026","passed","Thu Apr 30 01:00:17 UTC 2026","","","",""
"Test cases for TestBoolScan","0","TestBoolScan","","Thu Apr 30 00:55:06 UTC 2026","passed","Thu Apr 30 00:55:06 UTC 2026","","Go Test","github.com/specterops/bloodhound/cmd/api/src/database/types/null/TestBoolScan","TestBoolScan"
"","461","filters by the selected date range","FileIngestFilterDialog","Thu Apr 30 00:57:30 UTC 2026","passed","Thu Apr 30 00:57:30 UTC 2026","","Date Range Inputs","",""
"","354","renders an empty message for the entity panel before a node is selected","GroupManagement","Thu Apr 30 01:01:55 UTC 2026","passed","Thu Apr 30 01:01:55 UTC 2026","","","",""
"","53","shows the direct object empty and expanded object list empty, when no results in both","Seed Selection Results","Thu Apr 30 00:57:37 UTC 2026","passed","Thu Apr 30 00:57:37 UTC 2026","","","",""
"Test cases for TestDatabase_NullUUID","0","TestDatabase_NullUUID","","Thu Apr 30 00:55:05 UTC 2026","passed","Thu Apr 30 00:55:05 UTC 2026","","Go Test","github.com/specterops/bloodhound/cmd/api/src/database/TestDatabase_NullUUID","TestDatabase_NullUUID"
"Test cases for TestGetLatestQueryParameter_LatestMalformed","1","TestGetLatestQueryParameter_LatestMalformed","","Thu Apr 30 00:55:03 UTC 2026","passed","Thu Apr 30 00:55:03 UTC 2026","","Go Test","github.com/specterops/bloodhound/cmd/api/src/api/v2/TestGetLatestQueryParameter_LatestMalformed","TestGetLatestQueryParameter_LatestMalformed"
"","196","closes the dropdown when clicking outside","ManageColumnsComboBox","Thu Apr 30 00:57:44 UTC 2026","passed","Thu Apr 30 00:57:44 UTC 2026","","","",""
"","274","opens confirmation dialog when delete button is clicked","ActiveExtensionsCard","Thu Apr 30 00:56:26 UTC 2026","passed","Thu Apr 30 00:56:26 UTC 2026","","","",""
"","66","should navigate to the correct page on alt + digit keydown","Keyboard shortcuts","Thu Apr 30 00:58:13 UTC 2026","passed","Thu Apr 30 00:58:13 UTC 2026","","","",""
"","1111","should display all available SSO providers","CreateUserDialog","Thu Apr 30 00:56:42 UTC 2026","passed","Thu Apr 30 00:56:43 UTC 2026","","","",""
"","18","dedupes edges before adding them to the graph","Explore utils","Thu Apr 30 01:01:46 UTC 2026","passed","Thu Apr 30 01:01:46 UTC 2026","","initGraph","",""
"","703","should render","ExploreTable","Thu Apr 30 00:55:59 UTC 2026","passed","Thu Apr 30 00:56:00 UTC 2026","","","",""
"Test cases for TestSavedQueries_IsSortable","0","TestSavedQueries_IsSortable","","Thu Apr 30 00:55:07 UTC 2026","passed","Thu Apr 30 00:55:07 UTC 2026","","Go Test","github.com/specterops/bloodhound/cmd/api/src/model/TestSavedQueries_IsSortable","TestSavedQueries_IsSortable"
"","328","renders total rules and accordion sections","RulesAccordion","Thu Apr 30 00:59:02 UTC 2026","passed","Thu Apr 30 00:59:02 UTC 2026","","","",""
"","252","eventually displays a list of early access features when warning dialog is accepted","EarlyAccessFeatures","Thu Apr 30 01:01:55 UTC 2026","passed","Thu Apr 30 01:01:55 UTC 2026","","","",""
"Test cases for TestResources_ListADEntityPSRemoteRights","1","TestResources_ListADEntityPSRemoteRights","","Thu Apr 30 00:55:03 UTC 2026","passed","Thu Apr 30 00:55:03 UTC 2026","","Go Test","github.com/specterops/bloodhound/cmd/api/src/api/v2/TestResources_ListADEntityPSRemoteRights","TestResources_ListADEntityPSRemoteRights"
"Test cases for TestResources_ListADUserSessions","0","TestResources_ListADUserSessions","","Thu Apr 30 00:55:03 UTC 2026","passed","Thu Apr 30 00:55:03 UTC 2026","","Go Test","github.com/specterops/bloodhound/cmd/api/src/api/v2/TestResources_ListADUserSessions","TestResources_ListADUserSessions"
"","291","sets a secondary=id and searchType=pathfinding when primary is truthy","ContextMenu","Thu Apr 30 01:01:46 UTC 2026","passed","Thu Apr 30 01:01:47 UTC 2026","","","",""
"","418","should not allow leading or trailing empty spaces","CreateUserForm","Thu Apr 30 00:57:13 UTC 2026","passed","Thu Apr 30 00:57:13 UTC 2026","","","",""
"","3866","closes explore search tab menu and clears selected item when a cypher query returns multiple nodes","CypherSearch","Thu Apr 30 00:56:54 UTC 2026","passed","Thu Apr 30 00:56:58 UTC 2026","","Minimize explorer page elements when multiple nodes are returned","",""
"Test cases for TestResources_ListADDomainOutboundTrusts","12","TestResources_ListADDomainOutboundTrusts","","Thu Apr 30 00:55:03 UTC 2026","passed","Thu Apr 30 00:55:03 UTC 2026","","Go Test","github.com/specterops/bloodhound/cmd/api/src/api/v2/TestResources_ListADDomainOutboundTrusts","TestResources_ListADDomainOutboundTrusts"
"Test cases for TestResources_GetAssetGroupTagMemberCountsByKind","0","TestResources_GetAssetGroupTagMemberCountsByKind","","Thu Apr 30 00:55:03 UTC 2026","passed","Thu Apr 30 00:55:03 UTC 2026","","Go Test","github.com/specterops/bloodhound/cmd/api/src/api/v2/TestResources_GetAssetGroupTagMemberCountsByKind","TestResources_GetAssetGroupTagMemberCountsByKind"
"Test cases for Test_TopLevel","0","Test_TopLevel","","Thu Apr 30 00:55:42 UTC 2026","passed","Thu Apr 30 00:55:42 UTC 2026","","Go Test","github.com/specterops/bloodhound/packages/go/schemagen/csgen/Test_TopLevel","Test_TopLevel"
"Test cases for TestMarshalString","0","TestMarshalString","","Thu Apr 30 00:55:06 UTC 2026","passed","Thu Apr 30 00:55:06 UTC 2026","","Go Test","github.com/specterops/bloodhound/cmd/api/src/database/types/null/TestMarshalString","TestMarshalString"
"Test cases for TestResources_GetAssetGroupTagMemberInfo","6","TestResources_GetAssetGroupTagMemberInfo","","Thu Apr 30 00:55:03 UTC 2026","passed","Thu Apr 30 00:55:03 UTC 2026","","Go Test","github.com/specterops/bloodhound/cmd/api/src/api/v2/TestResources_GetAssetGroupTagMemberInfo","TestResources_GetAssetGroupTagMemberInfo"
"","1078","sets input text on date click","ManagedDatePicker - date validation","Thu Apr 30 00:58:47 UTC 2026","passed","Thu Apr 30 00:58:48 UTC 2026","","","",""
"","47","should render a navigation list item","MainNav","Thu Apr 30 00:58:12 UTC 2026","passed","Thu Apr 30 00:58:12 UTC 2026","","","",""
"","97","should not display the ETAC role-based filtering badge when filtering is disabled","Zone Management","Thu Apr 30 00:59:53 UTC 2026","passed","Thu Apr 30 00:59:53 UTC 2026","","","",""
"Test cases for TestTimeScanValue","0","TestTimeScanValue","","Thu Apr 30 00:55:06 UTC 2026","passed","Thu Apr 30 00:55:06 UTC 2026","","Go Test","github.com/specterops/bloodhound/cmd/api/src/database/types/null/TestTimeScanValue","TestTimeScanValue"
"Test cases for TestResources_ListADDomainForeignUsers","0","TestResources_ListADDomainForeignUsers","","Thu Apr 30 00:55:03 UTC 2026","passed","Thu Apr 30 00:55:03 UTC 2026","","Go Test","github.com/specterops/bloodhound/cmd/api/src/api/v2/TestResources_ListADDomainForeignUsers","TestResources_ListADDomainForeignUsers"
"","4","shows the collection methods for the given job","toCollected","Thu Apr 30 01:00:38 UTC 2026","passed","Thu Apr 30 01:00:38 UTC 2026","","","",""
"Test cases for TestResources_ListADComputerDCOMUsers","3","TestResources_ListADComputerDCOMUsers","","Thu Apr 30 00:55:03 UTC 2026","passed","Thu Apr 30 00:55:03 UTC 2026","","Go Test","github.com/specterops/bloodhound/cmd/api/src/api/v2/TestResources_ListADComputerDCOMUsers","TestResources_ListADComputerDCOMUsers"
"Test cases for TestReadRFC3339","0","TestReadRFC3339","","Thu Apr 30 00:55:28 UTC 2026","passed","Thu Apr 30 00:55:28 UTC 2026","","Go Test","github.com/specterops/bloodhound/cmd/api/src/utils/TestReadRFC3339","TestReadRFC3339"
"","265","should render a TagToZoneLabelDialog component","TagToZoneLabelDialog","Thu Apr 30 00:58:59 UTC 2026","passed","Thu Apr 30 00:58:59 UTC 2026","","","",""
"Test cases for TestManagementResource_UpdateUser_SelfDisable","1239","TestManagementResource_UpdateUser_SelfDisable","","Thu Apr 30 00:55:19 UTC 2026","passed","Thu Apr 30 00:55:21 UTC 2026","","Go Test","github.com/specterops/bloodhound/cmd/api/src/api/v2/auth/TestManagementResource_UpdateUser_SelfDisable","TestManagementResource_UpdateUser_SelfDisable"
"Test cases for TestMaybeSubmitNodeUpdate","0","TestMaybeSubmitNodeUpdate","","Thu Apr 30 00:55:11 UTC 2026","passed","Thu Apr 30 00:55:11 UTC 2026","","Go Test","github.com/specterops/bloodhound/cmd/api/src/services/graphify/TestMaybeSubmitNodeUpdate","TestMaybeSubmitNodeUpdate"
"","2","removes the key when null is passed to the setter","useLocalStorage","Thu Apr 30 00:58:13 UTC 2026","passed","Thu Apr 30 00:58:13 UTC 2026","","setValue","",""
"Test cases for TestParseOptionalBoolMisspelledValue","0","TestParseOptionalBoolMisspelledValue","","Thu Apr 30 00:54:53 UTC 2026","passed","Thu Apr 30 00:54:53 UTC 2026","","Go Test","github.com/specterops/bloodhound/cmd/api/src/api/TestParseOptionalBoolMisspelledValue","TestParseOptionalBoolMisspelledValue"
"","0","An unknown error occurred when fetching the data","Getting the text for the disabled item display for a search when there are no results","Thu Apr 30 00:59:23 UTC 2026","passed","Thu Apr 30 00:59:23 UTC 2026","","Error states","",""
"","166","opens when keyboard shortcut is pressed","GraphControls","Thu Apr 30 00:57:21 UTC 2026","passed","Thu Apr 30 00:57:21 UTC 2026","","Searching current results","",""
"","345","closes confirmation dialog when cancel is clicked","ActiveExtensionsCard","Thu Apr 30 00:56:26 UTC 2026","passed","Thu Apr 30 00:56:27 UTC 2026","","","",""
"Test cases for TestParseLimitQueryParameter_BadFormat","0","TestParseLimitQueryParameter_BadFormat","","Thu Apr 30 00:55:03 UTC 2026","passed","Thu Apr 30 00:55:03 UTC 2026","","Go Test","github.com/specterops/bloodhound/cmd/api/src/api/v2/TestParseLimitQueryParameter_BadFormat","TestParseLimitQueryParameter_BadFormat"
"","2","stores a number value in localStorage","useLocalStorage","Thu Apr 30 00:58:13 UTC 2026","passed","Thu Apr 30 00:58:13 UTC 2026","","setValue","",""
"Test cases for TestResources_ExportSavedQuery","16","TestResources_ExportSavedQuery","","Thu Apr 30 00:55:03 UTC 2026","passed","Thu Apr 30 00:55:03 UTC 2026","","Go Test","github.com/specterops/bloodhound/cmd/api/src/api/v2/TestResources_ExportSavedQuery","TestResources_ExportSavedQuery"
"Test cases for TestNewNodeNamePrefix","0","TestNewNodeNamePrefix","","Thu Apr 30 00:55:28 UTC 2026","passed","Thu Apr 30 00:55:28 UTC 2026","","Go Test","github.com/specterops/bloodhound/packages/go/analysis/ad/wellknown/TestNewNodeNamePrefix","TestNewNodeNamePrefix"
"Test cases for TestResources_CreateSavedQuery_InvalidBody","0","TestResources_CreateSavedQuery_InvalidBody","","Thu Apr 30 00:55:03 UTC 2026","passed","Thu Apr 30 00:55:03 UTC 2026","","Go Test","github.com/specterops/bloodhound/cmd/api/src/api/v2/TestResources_CreateSavedQuery_InvalidBody","TestResources_CreateSavedQuery_InvalidBody"
"Test cases for TestGetMFAActivationStatus_Success","1","TestGetMFAActivationStatus_Success","","Thu Apr 30 00:55:46 UTC 2026","passed","Thu Apr 30 00:55:46 UTC 2026","","Go Test","github.com/specterops/bloodhound/cmd/api/src/api/v2/auth/TestGetMFAActivationStatus_Success","TestGetMFAActivationStatus_Success"
"","185","renders with a title","BloodHoundConfiguration","Thu Apr 30 01:02:17 UTC 2026","passed","Thu Apr 30 01:02:17 UTC 2026","","","",""
"","57","renders note header correctly","HistoryNotes Component","Thu Apr 30 01:00:46 UTC 2026","passed","Thu Apr 30 01:00:46 UTC 2026","","","",""
"Test cases for Test_filterAndFormatSearchResults_filterEnvironments_domainSIDFail","0","Test_filterAndFormatSearchResults_filterEnvironments_domainSIDFail","","Thu Apr 30 00:55:03 UTC 2026","passed","Thu Apr 30 00:55:03 UTC 2026","","Go Test","github.com/specterops/bloodhound/cmd/api/src/api/v2/Test_filterAndFormatSearchResults_filterEnvironments_domainSIDFail","Test_filterAndFormatSearchResults_filterEnvironments_domainSIDFail"
"Test cases for TestDatabaseWipe","0","TestDatabaseWipe","","Thu Apr 30 00:55:03 UTC 2026","passed","Thu Apr 30 00:55:03 UTC 2026","","Go Test","github.com/specterops/bloodhound/cmd/api/src/api/v2/TestDatabaseWipe","TestDatabaseWipe"
"Test cases for TestDomainSelectors_GetFilterCriteria_Domain","0","TestDomainSelectors_GetFilterCriteria_Domain","","Thu Apr 30 00:55:07 UTC 2026","passed","Thu Apr 30 00:55:07 UTC 2026","","Go Test","github.com/specterops/bloodhound/cmd/api/src/model/TestDomainSelectors_GetFilterCriteria_Domain","TestDomainSelectors_GetFilterCriteria_Domain"
"","4","stores an object value in localStorage","useLocalStorage","Thu Apr 30 00:58:13 UTC 2026","passed","Thu Apr 30 00:58:13 UTC 2026","","setValue","",""
"Test cases for Test_ConvertAzureRoleManagementPolicyAssignment","3","Test_ConvertAzureRoleManagementPolicyAssignment","","Thu Apr 30 00:55:29 UTC 2026","passed","Thu Apr 30 00:55:29 UTC 2026","","Go Test","github.com/specterops/bloodhound/packages/go/ein/Test_ConvertAzureRoleManagementPolicyAssignment","Test_ConvertAzureRoleManagementPolicyAssignment"
"","18","returns azure environmentInfo when environmentAggregation param is azure","useAvailableEnvironments","Thu Apr 30 00:58:35 UTC 2026","passed","Thu Apr 30 00:58:35 UTC 2026","","useSelectedEnvironment","",""
"Test cases for Test_ConvertAppFederatedIdentityCredential","0","Test_ConvertAppFederatedIdentityCredential","","Thu Apr 30 00:55:29 UTC 2026","passed","Thu Apr 30 00:55:29 UTC 2026","","Go Test","github.com/specterops/bloodhound/packages/go/ein/Test_ConvertAppFederatedIdentityCredential","Test_ConvertAppFederatedIdentityCredential"
"","256","should render","SSOProviderTable","Thu Apr 30 00:59:36 UTC 2026","passed","Thu Apr 30 00:59:36 UTC 2026","","","",""
"Test cases for TestResources_ListAssetGroupMembersCount","1","TestResources_ListAssetGroupMembersCount","","Thu Apr 30 00:55:03 UTC 2026","passed","Thu Apr 30 00:55:03 UTC 2026","","Go Test","github.com/specterops/bloodhound/cmd/api/src/api/v2/TestResources_ListAssetGroupMembersCount","TestResources_ListAssetGroupMembersCount"
"","7","renders the LabelSelector when available and on a Label page","TagSelector","Thu Apr 30 00:59:15 UTC 2026","passed","Thu Apr 30 00:59:15 UTC 2026","","","",""
"","0","fails for empty password","testPassword","Thu Apr 30 01:01:04 UTC 2026","passed","Thu Apr 30 01:01:04 UTC 2026","","","",""
"","64","returns a list of the users current permissions","usePermissions","Thu Apr 30 00:58:00 UTC 2026","passed","Thu Apr 30 00:58:00 UTC 2026","","","",""
"","14","function should return 1 when first param is larger, no matter the data type","Compare function for explore table sort","Thu Apr 30 00:58:57 UTC 2026","passed","Thu Apr 30 00:58:57 UTC 2026","","","",""
"","49","should on clicking remove call clearSelectedItem","EdgeInfoHeader","Thu Apr 30 00:59:41 UTC 2026","passed","Thu Apr 30 00:59:41 UTC 2026","","","",""
"Test cases for TestWriteResultJson","0","TestWriteResultJson","","Thu Apr 30 00:55:28 UTC 2026","passed","Thu Apr 30 00:55:28 UTC 2026","","Go Test","github.com/specterops/bloodhound/cmd/api/src/utils/TestWriteResultJson","TestWriteResultJson"
"","2592","should open edge filtering dialog","EdgeFilter","Thu Apr 30 00:58:39 UTC 2026","passed","Thu Apr 30 00:58:41 UTC 2026","","","",""
"Test cases for TestResources_ListADGroupSessions","8","TestResources_ListADGroupSessions","","Thu Apr 30 00:55:03 UTC 2026","passed","Thu Apr 30 00:55:03 UTC 2026","","Go Test","github.com/specterops/bloodhound/cmd/api/src/api/v2/TestResources_ListADGroupSessions","TestResources_ListADGroupSessions"
"Test cases for TestPredefinedSIDSuffixes","0","TestPredefinedSIDSuffixes","","Thu Apr 30 00:55:28 UTC 2026","passed","Thu Apr 30 00:55:28 UTC 2026","","Go Test","github.com/specterops/bloodhound/packages/go/analysis/ad/wellknown/TestPredefinedSIDSuffixes","TestPredefinedSIDSuffixes"
"Test cases for TestManagementResource_ListAuthTokens_NonAdmin","0","TestManagementResource_ListAuthTokens_NonAdmin","","Thu Apr 30 00:55:33 UTC 2026","passed","Thu Apr 30 00:55:33 UTC 2026","","Go Test","github.com/specterops/bloodhound/cmd/api/src/api/v2/auth/TestManagementResource_ListAuthTokens_NonAdmin","TestManagementResource_ListAuthTokens_NonAdmin"
"","179","should display a ""Reset Password"" button","UserProfile","Thu Apr 30 00:58:07 UTC 2026","passed","Thu Apr 30 00:58:07 UTC 2026","","","",""
"Test cases for TestResources_ListAuditLogs_InvalidPredicate","0","TestResources_ListAuditLogs_InvalidPredicate","","Thu Apr 30 00:55:03 UTC 2026","passed","Thu Apr 30 00:55:03 UTC 2026","","Go Test","github.com/specterops/bloodhound/cmd/api/src/api/v2/TestResources_ListAuditLogs_InvalidPredicate","TestResources_ListAuditLogs_InvalidPredicate"
"","460","Displays the selectors list if passed in through additional sections","EntityInfoDataTableList","Thu Apr 30 00:59:03 UTC 2026","passed","Thu Apr 30 00:59:04 UTC 2026","","","",""
"Test cases for TestResources_ListADDomainForeignAdmins","4","TestResources_ListADDomainForeignAdmins","","Thu Apr 30 00:55:03 UTC 2026","passed","Thu Apr 30 00:55:03 UTC 2026","","Go Test","github.com/specterops/bloodhound/cmd/api/src/api/v2/TestResources_ListADDomainForeignAdmins","TestResources_ListADDomainForeignAdmins"
"","1","combines platform and collected filters","filterAndSearchEnvironments","Thu Apr 30 00:56:19 UTC 2026","passed","Thu Apr 30 00:56:19 UTC 2026","","combined filters","",""
"","135","calls handleFilterChange with all filter types and empty strings when clicked while filters are active","AssetGroupEdit","Thu Apr 30 00:57:56 UTC 2026","passed","Thu Apr 30 00:57:56 UTC 2026","","Clear Filters button","",""
"","116","buttons are disabled while loading","PasswordResetForm","Thu Apr 30 00:58:41 UTC 2026","passed","Thu Apr 30 00:58:42 UTC 2026","","","",""
"","219","displays validation error messages when Save button is clicked and no form input is provided","PasswordDialog","Thu Apr 30 00:56:38 UTC 2026","passed","Thu Apr 30 00:56:38 UTC 2026","","","",""
"","323","renders the Object Tab content when Object tab is chosen","Selected Details Tab Content","Thu Apr 30 01:00:16 UTC 2026","passed","Thu Apr 30 01:00:16 UTC 2026","","","",""
"TestMigrator_GenerateManifestAfterVersion builds upon the GenerateManifest testby starting from different version points and spot checking migration counts.","0","TestMigrator_GenerateManifestAfterVersion","","Thu Apr 30 00:55:05 UTC 2026","passed","Thu Apr 30 00:55:05 UTC 2026","","Go Test","github.com/specterops/bloodhound/cmd/api/src/database/migration/TestMigrator_GenerateManifestAfterVersion","TestMigrator_GenerateManifestAfterVersion"
"","358","renders the Rule Tab content when Rule tab is chosen","Selected Details Tab Content","Thu Apr 30 01:00:15 UTC 2026","passed","Thu Apr 30 01:00:15 UTC 2026","","","",""
"","1","`undefined` input is provided","Parsing the debounced input for type and keyword values","Thu Apr 30 00:59:23 UTC 2026","passed","Thu Apr 30 00:59:23 UTC 2026","","","",""
"Test cases for TestManagementResource_ListAuthTokens_Admin","0","TestManagementResource_ListAuthTokens_Admin","","Thu Apr 30 00:55:33 UTC 2026","passed","Thu Apr 30 00:55:33 UTC 2026","","Go Test","github.com/specterops/bloodhound/cmd/api/src/api/v2/auth/TestManagementResource_ListAuthTokens_Admin","TestManagementResource_ListAuthTokens_Admin"
"Test cases for TestParseGPOData","4","TestParseGPOData","","Thu Apr 30 00:55:29 UTC 2026","passed","Thu Apr 30 00:55:29 UTC 2026","","Go Test","github.com/specterops/bloodhound/packages/go/ein/TestParseGPOData","TestParseGPOData"
"","1","should recognize a common properties","validating a node property against the shared generated schema","Thu Apr 30 00:57:49 UTC 2026","passed","Thu Apr 30 00:57:49 UTC 2026","","","",""
"Test cases for TestActivateMFA_Success","649","TestActivateMFA_Success","","Thu Apr 30 00:55:47 UTC 2026","passed","Thu Apr 30 00:55:48 UTC 2026","","Go Test","github.com/specterops/bloodhound/cmd/api/src/api/v2/auth/TestActivateMFA_Success","TestActivateMFA_Success"
"","22","renders custom icon overlap correctly","NodeIcon","Thu Apr 30 01:00:25 UTC 2026","passed","Thu Apr 30 01:00:25 UTC 2026","","","",""
"Test cases for TestUnmarshalInt64Overflow","0","TestUnmarshalInt64Overflow","","Thu Apr 30 00:55:06 UTC 2026","passed","Thu Apr 30 00:55:06 UTC 2026","","Go Test","github.com/specterops/bloodhound/cmd/api/src/database/types/null/TestUnmarshalInt64Overflow","TestUnmarshalInt64Overflow"
"","240","sets a secondary=id and searchType=pathfinding when primary is truethy","ContextMenu","Thu Apr 30 00:57:36 UTC 2026","passed","Thu Apr 30 00:57:36 UTC 2026","","","",""
"Test cases for TestInt64ValueOrZero","0","TestInt64ValueOrZero","","Thu Apr 30 00:55:06 UTC 2026","passed","Thu Apr 30 00:55:06 UTC 2026","","Go Test","github.com/specterops/bloodhound/cmd/api/src/database/types/null/TestInt64ValueOrZero","TestInt64ValueOrZero"
"","1547","renders a table if the query has NO node edges","GraphView","Thu Apr 30 01:01:49 UTC 2026","passed","Thu Apr 30 01:01:51 UTC 2026","","","",""
"","0","succeeds for valid password with unicode characters","testPassword","Thu Apr 30 01:01:04 UTC 2026","passed","Thu Apr 30 01:01:04 UTC 2026","","","",""
"Test cases for TestResources_DeleteExtension","114","TestResources_DeleteExtension","","Thu Apr 30 00:55:03 UTC 2026","passed","Thu Apr 30 00:55:03 UTC 2026","","Go Test","github.com/specterops/bloodhound/cmd/api/src/api/v2/TestResources_DeleteExtension","TestResources_DeleteExtension"
"Test cases for TestResources_GetEdgeACLInheritancePath","100","TestResources_GetEdgeACLInheritancePath","","Thu Apr 30 00:55:03 UTC 2026","passed","Thu Apr 30 00:55:03 UTC 2026","","Go Test","github.com/specterops/bloodhound/cmd/api/src/api/v2/TestResources_GetEdgeACLInheritancePath","TestResources_GetEdgeACLInheritancePath"
"","6","returns when label limit is reached","useTagLimits","Thu Apr 30 00:56:35 UTC 2026","passed","Thu Apr 30 00:56:35 UTC 2026","","","",""
"Test cases for TestResources_ListADDomainContainedGroups","0","TestResources_ListADDomainContainedGroups","","Thu Apr 30 00:55:03 UTC 2026","passed","Thu Apr 30 00:55:03 UTC 2026","","Go Test","github.com/specterops/bloodhound/cmd/api/src/api/v2/TestResources_ListADDomainContainedGroups","TestResources_ListADDomainContainedGroups"
"Test cases for TestManagementResource_UpdateUser_GetUserError","1370","TestManagementResource_UpdateUser_GetUserError","","Thu Apr 30 00:55:17 UTC 2026","passed","Thu Apr 30 00:55:18 UTC 2026","","Go Test","github.com/specterops/bloodhound/cmd/api/src/api/v2/auth/TestManagementResource_UpdateUser_GetUserError","TestManagementResource_UpdateUser_GetUserError"
"Test cases for TestBHCEStaticHandler","7","TestBHCEStaticHandler","","Thu Apr 30 00:54:57 UTC 2026","passed","Thu Apr 30 00:54:57 UTC 2026","","Go Test","github.com/specterops/bloodhound/cmd/api/src/api/static/TestBHCEStaticHandler","TestBHCEStaticHandler"
"Test cases for TestGetMFAActivationStatus_Failure","0","TestGetMFAActivationStatus_Failure","","Thu Apr 30 00:55:46 UTC 2026","passed","Thu Apr 30 00:55:46 UTC 2026","","Go Test","github.com/specterops/bloodhound/cmd/api/src/api/v2/auth/TestGetMFAActivationStatus_Failure","TestGetMFAActivationStatus_Failure"
"Test cases for TestManagementResource_ListUsers","0","TestManagementResource_ListUsers","","Thu Apr 30 00:55:09 UTC 2026","passed","Thu Apr 30 00:55:09 UTC 2026","","Go Test","github.com/specterops/bloodhound/cmd/api/src/api/v2/auth/TestManagementResource_ListUsers","TestManagementResource_ListUsers"
"Test cases for TestOpenGraphSchemaService_ListExtensions","2","TestOpenGraphSchemaService_ListExtensions","","Thu Apr 30 00:55:11 UTC 2026","passed","Thu Apr 30 00:55:11 UTC 2026","","Go Test","github.com/specterops/bloodhound/cmd/api/src/services/opengraphschema/TestOpenGraphSchemaService_ListExtensions","TestOpenGraphSchemaService_ListExtensions"
"","36","does not set input text if no value is given","ManagedDatePicker - value","Thu Apr 30 00:58:49 UTC 2026","passed","Thu Apr 30 00:58:49 UTC 2026","","","",""
"","51","applies accent styling to headers when accent is true","<DetailsAccordion />","Thu Apr 30 00:57:41 UTC 2026","passed","Thu Apr 30 00:57:41 UTC 2026","","","",""
"Test cases for TestManagementResource_DeleteSAMLProvider","3","TestManagementResource_DeleteSAMLProvider","","Thu Apr 30 00:55:09 UTC 2026","passed","Thu Apr 30 00:55:09 UTC 2026","","Go Test","github.com/specterops/bloodhound/cmd/api/src/api/v2/auth/TestManagementResource_DeleteSAMLProvider","TestManagementResource_DeleteSAMLProvider"
"","213","shows an error state","AssetGroupMenuItem","Thu Apr 30 00:57:49 UTC 2026","passed","Thu Apr 30 00:57:49 UTC 2026","","","",""
"","1","If for some reason the node size is not defined return 1 as a default","getNodeRadius","Thu Apr 30 01:02:04 UTC 2026","passed","Thu Apr 30 01:02:04 UTC 2026","","","",""
"","260","Selecting an edge that meets ACL inheritance criteria shows the ""ACE Inherited From"" dropdown","EdgeInfoContent","Thu Apr 30 00:56:26 UTC 2026","passed","Thu Apr 30 00:56:26 UTC 2026","","","",""
"","794","Explore URL Accounts for irregular characters in cypher query","Rule Form","Thu Apr 30 00:56:30 UTC 2026","passed","Thu Apr 30 00:56:31 UTC 2026","","","",""
"","62","excludes API edges that are associated with one of our built-in schema types","useEdgeCategories","Thu Apr 30 00:58:00 UTC 2026","passed","Thu Apr 30 00:58:00 UTC 2026","","","",""
"Test cases for TestSortJSONArrays","2","TestSortJSONArrays","","Thu Apr 30 00:55:28 UTC 2026","passed","Thu Apr 30 00:55:28 UTC 2026","","Go Test","github.com/specterops/bloodhound/cmd/api/src/utils/test/TestSortJSONArrays","TestSortJSONArrays"
"","154","Verify Vault Reader count is the count returned by All Readers","EntityInfoDataTableGraphed","Thu Apr 30 00:58:05 UTC 2026","passed","Thu Apr 30 00:58:05 UTC 2026","","Node count for Vault Readers nested table","",""
"","15","does not render the tooltip icon when tooltipText prop is not passed","ColumnHeaders","Thu Apr 30 00:58:52 UTC 2026","passed","Thu Apr 30 00:58:52 UTC 2026","","SortableHeader with Tooltip","",""
"Test cases for TestResources_GetAIACAEntityInfo","333","TestResources_GetAIACAEntityInfo","","Thu Apr 30 00:55:03 UTC 2026","passed","Thu Apr 30 00:55:03 UTC 2026","","Go Test","github.com/specterops/bloodhound/cmd/api/src/api/v2/TestResources_GetAIACAEntityInfo","TestResources_GetAIACAEntityInfo"
"","0","returns undefined if graphData is undefined or not a GraphResponse","getExploreTableData","Thu Apr 30 00:58:57 UTC 2026","passed","Thu Apr 30 00:58:57 UTC 2026","","","",""
"Test cases for TestParseOptionalLimitQueryParameter","123","TestParseOptionalLimitQueryParameter","","Thu Apr 30 00:55:03 UTC 2026","passed","Thu Apr 30 00:55:03 UTC 2026","","Go Test","github.com/specterops/bloodhound/cmd/api/src/api/v2/TestParseOptionalLimitQueryParameter","TestParseOptionalLimitQueryParameter"
"","601","open and closes dialog with confirm button after user inputs required text","Tag Form","Thu Apr 30 00:56:09 UTC 2026","passed","Thu Apr 30 00:56:09 UTC 2026","","","",""
"","131","links to the specified route with global params intact","AppLink","Thu Apr 30 00:59:18 UTC 2026","passed","Thu Apr 30 00:59:18 UTC 2026","","","",""
"","206","renders the QuerySearchFilter component","QuerySearchFilter","Thu Apr 30 00:59:09 UTC 2026","passed","Thu Apr 30 00:59:10 UTC 2026","","","",""
"","1971","requires a password to disable MFA for a user when logged in without SSO","Users","Thu Apr 30 00:58:26 UTC 2026","passed","Thu Apr 30 00:58:28 UTC 2026","","","",""
"Test cases for TestFeatureFlagManager","0","TestFeatureFlagManager","","Thu Apr 30 00:55:04 UTC 2026","passed","Thu Apr 30 00:55:04 UTC 2026","","Go Test","github.com/specterops/bloodhound/cmd/api/src/daemons/changelog/TestFeatureFlagManager","TestFeatureFlagManager"
"","242","should render a single section with a single navigation item","SubNav","Thu Apr 30 00:59:52 UTC 2026","passed","Thu Apr 30 00:59:52 UTC 2026","","","",""
"Test cases for TestRoleMembers","2","TestRoleMembers","","Thu Apr 30 00:55:28 UTC 2026","passed","Thu Apr 30 00:55:28 UTC 2026","","Go Test","github.com/specterops/bloodhound/packages/go/analysis/azure/TestRoleMembers","TestRoleMembers"
"","288","sets secondarySearch=id and searchType=node when primarySearch is falsey","ContextMenu","Thu Apr 30 00:57:35 UTC 2026","passed","Thu Apr 30 00:57:36 UTC 2026","","","",""
"Test cases for TestResources_ListADEntityLinkedGPOs","1","TestResources_ListADEntityLinkedGPOs","","Thu Apr 30 00:55:03 UTC 2026","passed","Thu Apr 30 00:55:03 UTC 2026","","Go Test","github.com/specterops/bloodhound/cmd/api/src/api/v2/TestResources_ListADEntityLinkedGPOs","TestResources_ListADEntityLinkedGPOs"
"Test cases for TestWriteResponseWrapperWithPagination","0","TestWriteResponseWrapperWithPagination","","Thu Apr 30 00:54:53 UTC 2026","passed","Thu Apr 30 00:54:53 UTC 2026","","Go Test","github.com/specterops/bloodhound/cmd/api/src/api/TestWriteResponseWrapperWithPagination","TestWriteResponseWrapperWithPagination"
"","406","renders icons as expected","DropdownSelector","Thu Apr 30 00:59:46 UTC 2026","passed","Thu Apr 30 00:59:47 UTC 2026","","","",""
"Test cases for Test_HarnessTeardown","0","Test_HarnessTeardown","","Thu Apr 30 00:55:30 UTC 2026","passed","Thu Apr 30 00:55:30 UTC 2026","","Go Test","github.com/specterops/bloodhound/packages/go/lab/Test_HarnessTeardown","Test_HarnessTeardown"
"Test cases for TestManagementResource_ListRoles_InvalidColumn","0","TestManagementResource_ListRoles_InvalidColumn","","Thu Apr 30 00:55:09 UTC 2026","passed","Thu Apr 30 00:55:09 UTC 2026","","Go Test","github.com/specterops/bloodhound/cmd/api/src/api/v2/auth/TestManagementResource_ListRoles_InvalidColumn","TestManagementResource_ListRoles_InvalidColumn"
"","9","renders without pulse animation by default","StatusIndicator","Thu Apr 30 01:00:55 UTC 2026","passed","Thu Apr 30 01:00:55 UTC 2026","","","",""
"","404","renders headers","CommonSearches","Thu Apr 30 00:57:44 UTC 2026","passed","Thu Apr 30 00:57:44 UTC 2026","","","",""
"Test cases for Test_parseLatestVersion","0","Test_parseLatestVersion","","Thu Apr 30 00:55:45 UTC 2026","passed","Thu Apr 30 00:55:45 UTC 2026","","Go Test","github.com/specterops/bloodhound/packages/go/stbernard/git/Test_parseLatestVersion","Test_parseLatestVersion"
"","1","Edge is created with correct structure including points array","copySigmaEdgesToGraphlibGraph","Thu Apr 30 01:01:59 UTC 2026","passed","Thu Apr 30 01:01:59 UTC 2026","","","",""
"Test cases for TestManagementResource_ListUsers_Filtered","0","TestManagementResource_ListUsers_Filtered","","Thu Apr 30 00:55:09 UTC 2026","passed","Thu Apr 30 00:55:09 UTC 2026","","Go Test","github.com/specterops/bloodhound/cmd/api/src/api/v2/auth/TestManagementResource_ListUsers_Filtered","TestManagementResource_ListUsers_Filtered"
"","275","toggles parent from none to all","GraphDataCheckboxes","Thu Apr 30 00:57:02 UTC 2026","passed","Thu Apr 30 00:57:03 UTC 2026","","","",""
"","1","returns false when WebGL is not available in the current browser context","WebGL compatibility check","Thu Apr 30 01:01:10 UTC 2026","passed","Thu Apr 30 01:01:10 UTC 2026","","","",""
"Test cases for TestManagementResource_UpdateUser_ETAC","3108","TestManagementResource_UpdateUser_ETAC","","Thu Apr 30 00:55:29 UTC 2026","passed","Thu Apr 30 00:55:33 UTC 2026","","Go Test","github.com/specterops/bloodhound/cmd/api/src/api/v2/auth/TestManagementResource_UpdateUser_ETAC","TestManagementResource_UpdateUser_ETAC"
"","45","displays a status indicator","StatusIndicator","Thu Apr 30 01:00:55 UTC 2026","passed","Thu Apr 30 01:00:55 UTC 2026","","","",""
"","200","a null response from the server is handled","ExploreSearchCombobox with null response","Thu Apr 30 00:57:56 UTC 2026","passed","Thu Apr 30 00:57:56 UTC 2026","","","",""
"","300","filters extensions based on search input","ActiveExtensionsCard","Thu Apr 30 00:56:25 UTC 2026","passed","Thu Apr 30 00:56:25 UTC 2026","","","",""
"","2","returns all environments when no filters are active","filterAndSearchEnvironments","Thu Apr 30 00:56:19 UTC 2026","passed","Thu Apr 30 00:56:19 UTC 2026","","with no filters applied","",""
"","2486","expand/collapse all buttons are disabled when searching","Pathfinding","Thu Apr 30 00:57:13 UTC 2026","passed","Thu Apr 30 00:57:16 UTC 2026","","","",""
"Test cases for TestManagementResource_SSOLoginHandler","7","TestManagementResource_SSOLoginHandler","","Thu Apr 30 00:55:48 UTC 2026","passed","Thu Apr 30 00:55:48 UTC 2026","","Go Test","github.com/specterops/bloodhound/cmd/api/src/api/v2/auth/TestManagementResource_SSOLoginHandler","TestManagementResource_SSOLoginHandler"
"Test cases for TestTypes_Value","0","TestTypes_Value","","Thu Apr 30 00:55:06 UTC 2026","passed","Thu Apr 30 00:55:06 UTC 2026","","Go Test","github.com/specterops/bloodhound/cmd/api/src/database/types/TestTypes_Value","TestTypes_Value"
"Test cases for TestResources_ListKinds","124","TestResources_ListKinds","","Thu Apr 30 00:55:03 UTC 2026","passed","Thu Apr 30 00:55:03 UTC 2026","","Go Test","github.com/specterops/bloodhound/cmd/api/src/api/v2/TestResources_ListKinds","TestResources_ListKinds"
"","98","renders with a selected icon","Glyph Select Dialog","Thu Apr 30 01:00:39 UTC 2026","passed","Thu Apr 30 01:00:39 UTC 2026","","","",""
"","460","clear validation error on input","ManagedDatePicker - date validation","Thu Apr 30 00:58:49 UTC 2026","passed","Thu Apr 30 00:58:49 UTC 2026","","","",""
"Test cases for TestManagementResource_DeleteUser_UserBhCtxNotFound","0","TestManagementResource_DeleteUser_UserBhCtxNotFound","","Thu Apr 30 00:55:24 UTC 2026","passed","Thu Apr 30 00:55:24 UTC 2026","","Go Test","github.com/specterops/bloodhound/cmd/api/src/api/v2/auth/TestManagementResource_DeleteUser_UserBhCtxNotFound","TestManagementResource_DeleteUser_UserBhCtxNotFound"
"Test cases for TestConvertAzureManagementGroupContributorToRels","0","TestConvertAzureManagementGroupContributorToRels","","Thu Apr 30 00:55:29 UTC 2026","passed","Thu Apr 30 00:55:29 UTC 2026","","Go Test","github.com/specterops/bloodhound/packages/go/ein/TestConvertAzureManagementGroupContributorToRels","TestConvertAzureManagementGroupContributorToRels"
"Test cases for TestResources_GetAssetGroupTagSelectors","0","TestResources_GetAssetGroupTagSelectors","","Thu Apr 30 00:55:03 UTC 2026","passed","Thu Apr 30 00:55:03 UTC 2026","","Go Test","github.com/specterops/bloodhound/cmd/api/src/api/v2/TestResources_GetAssetGroupTagSelectors","TestResources_GetAssetGroupTagSelectors"
"","0","EXTENDED ROUNDING with different thresholds","numberFormatting","Thu Apr 30 00:58:55 UTC 2026","passed","Thu Apr 30 00:58:55 UTC 2026","","","",""
"","17","sets autoDisplayTable to false if query type is relationship","useExploreTableAutoDisplay","Thu Apr 30 01:00:01 UTC 2026","passed","Thu Apr 30 01:00:01 UTC 2026","","","",""
"","36","sets autoDisplayTable to false if query returns no results","useExploreTableAutoDisplay","Thu Apr 30 01:00:00 UTC 2026","passed","Thu Apr 30 01:00:00 UTC 2026","","","",""
"","558","should display Environmental Targeted Access Control panel when showEnvironmentAccessControls prop is true and user role is selected","CreateUserForm","Thu Apr 30 00:57:14 UTC 2026","passed","Thu Apr 30 00:57:14 UTC 2026","","","",""
"","95","renders a button when actor is not BloodHoundString and note exists","NoteCell component","Thu Apr 30 00:59:42 UTC 2026","passed","Thu Apr 30 00:59:42 UTC 2026","","","",""
"Test cases for TestDatabase_GetAssetGroupTagSelector","0","TestDatabase_GetAssetGroupTagSelector","","Thu Apr 30 00:55:03 UTC 2026","passed","Thu Apr 30 00:55:03 UTC 2026","","Go Test","github.com/specterops/bloodhound/cmd/api/src/api/v2/TestDatabase_GetAssetGroupTagSelector","TestDatabase_GetAssetGroupTagSelector"
"","341","adds a ""Close"" button that closes the dialog after a failed upload","SchemaUploadDialog","Thu Apr 30 00:57:22 UTC 2026","passed","Thu Apr 30 00:57:22 UTC 2026","","","",""
"Test cases for TestInt64IsZero","0","TestInt64IsZero","","Thu Apr 30 00:55:06 UTC 2026","passed","Thu Apr 30 00:55:06 UTC 2026","","Go Test","github.com/specterops/bloodhound/cmd/api/src/database/types/null/TestInt64IsZero","TestInt64IsZero"
"","14","renders nothing if flag is disabled and disabled prop is not provided","FeatureFlag","Thu Apr 30 00:59:57 UTC 2026","passed","Thu Apr 30 00:59:57 UTC 2026","","","",""
"Test cases for Test_GetAssetGroupMembersBySelector","5","Test_GetAssetGroupMembersBySelector","","Thu Apr 30 00:55:03 UTC 2026","passed","Thu Apr 30 00:55:03 UTC 2026","","Go Test","github.com/specterops/bloodhound/cmd/api/src/api/v2/Test_GetAssetGroupMembersBySelector","Test_GetAssetGroupMembersBySelector"
"","0","A type and keyword were provided but there were no results available","Getting the text for the disabled item display for a search when there are no results","Thu Apr 30 00:59:23 UTC 2026","passed","Thu Apr 30 00:59:23 UTC 2026","","Empty data states","",""
"","32","sets autoDisplayTable to false if query type is node","useExploreTableAutoDisplay","Thu Apr 30 01:00:00 UTC 2026","passed","Thu Apr 30 01:00:00 UTC 2026","","","",""
"","174","calls exportToJson util when valid non a empty object is passed as the jsonData prop","GraphControls","Thu Apr 30 00:57:20 UTC 2026","passed","Thu Apr 30 00:57:21 UTC 2026","","Exporting json","",""
"","119","should redirect to nested /file-ingest route if user navigates to /","Administration","Thu Apr 30 01:02:10 UTC 2026","passed","Thu Apr 30 01:02:10 UTC 2026","","","",""
"","900","should not call onSubmit when password does not match confirmation password when reset password button clicked","PasswordResetForm","Thu Apr 30 00:58:39 UTC 2026","passed","Thu Apr 30 00:58:40 UTC 2026","","","",""
"","149","should display ""Disable Multi-Factor Authentication"" button","Enable2FADialog","Thu Apr 30 00:59:42 UTC 2026","passed","Thu Apr 30 00:59:42 UTC 2026","","","",""
"","0","should compute the midpoint of a line segment","bezier","Thu Apr 30 01:01:54 UTC 2026","passed","Thu Apr 30 01:01:54 UTC 2026","","","",""
"Test cases for TestResources_EndIngestJob","139","TestResources_EndIngestJob","","Thu Apr 30 00:55:03 UTC 2026","passed","Thu Apr 30 00:55:03 UTC 2026","","Go Test","github.com/specterops/bloodhound/cmd/api/src/api/v2/TestResources_EndIngestJob","TestResources_EndIngestJob"
"Test cases for TestManagementResource_DeleteUser_GetUserError","0","TestManagementResource_DeleteUser_GetUserError","","Thu Apr 30 00:55:25 UTC 2026","passed","Thu Apr 30 00:55:25 UTC 2026","","Go Test","github.com/specterops/bloodhound/cmd/api/src/api/v2/auth/TestManagementResource_DeleteUser_GetUserError","TestManagementResource_DeleteUser_GetUserError"
"","80","shows the direct object list and expanded object list empty, when only direct objects in results","Seed Selection Results","Thu Apr 30 00:57:37 UTC 2026","passed","Thu Apr 30 00:57:37 UTC 2026","","","",""
"","256","toggles sort order when clicking sortable header","ObjectsAccordion","Thu Apr 30 00:59:05 UTC 2026","passed","Thu Apr 30 00:59:05 UTC 2026","","","",""
"Test cases for TestTextUnmarshalBool","0","TestTextUnmarshalBool","","Thu Apr 30 00:55:06 UTC 2026","passed","Thu Apr 30 00:55:06 UTC 2026","","Go Test","github.com/specterops/bloodhound/cmd/api/src/database/types/null/TestTextUnmarshalBool","TestTextUnmarshalBool"
"","233","calls onResetColumnSize when ""Reset Size"" is clicked","ManageColumnsComboBox","Thu Apr 30 00:57:43 UTC 2026","passed","Thu Apr 30 00:57:43 UTC 2026","","","",""
"","162","initializes search tab to the exploreSearchTab on initial render","ExploreSearch sets searchType on tab changing","Thu Apr 30 01:01:35 UTC 2026","passed","Thu Apr 30 01:01:35 UTC 2026","","","",""
"Test cases for TestResources_GetAssetGroupTags","10","TestResources_GetAssetGroupTags","","Thu Apr 30 00:55:03 UTC 2026","passed","Thu Apr 30 00:55:03 UTC 2026","","Go Test","github.com/specterops/bloodhound/cmd/api/src/api/v2/TestResources_GetAssetGroupTags","TestResources_GetAssetGroupTags"
"","4","matches all AD edges","Make sure pathfinding filterable edges match schemagen","Thu Apr 30 01:01:02 UTC 2026","passed","Thu Apr 30 01:01:02 UTC 2026","","","",""
"","321","should display a searchbox with a placeholder when rendered","AssetGroupEdit","Thu Apr 30 00:59:15 UTC 2026","passed","Thu Apr 30 00:59:15 UTC 2026","","","",""
"","493","changes the text from ""Disabled"" to ""Enabled"" when the Rule Status switch is toggled","Rule Form","Thu Apr 30 00:56:24 UTC 2026","passed","Thu Apr 30 00:56:24 UTC 2026","","","",""
"Test cases for TestRewriter_Enter_ADAttackPathsShortcut_ReplacesKinds","0","TestRewriter_Enter_ADAttackPathsShortcut_ReplacesKinds","","Thu Apr 30 00:55:08 UTC 2026","passed","Thu Apr 30 00:55:08 UTC 2026","","Go Test","github.com/specterops/bloodhound/cmd/api/src/queries/TestRewriter_Enter_ADAttackPathsShortcut_ReplacesKinds","TestRewriter_Enter_ADAttackPathsShortcut_ReplacesKinds"
"","139","respects openIndex (default opened panel)","<DetailsAccordion />","Thu Apr 30 00:57:41 UTC 2026","passed","Thu Apr 30 00:57:41 UTC 2026","","","",""
"Test cases for TestSetValue","1","TestSetValue","","Thu Apr 30 00:55:04 UTC 2026","passed","Thu Apr 30 00:55:04 UTC 2026","","Go Test","github.com/specterops/bloodhound/cmd/api/src/config/TestSetValue","TestSetValue"
"","0","uses the correct entity name in the Object ID message","getErrorMessage","Thu Apr 30 00:57:24 UTC 2026","passed","Thu Apr 30 00:57:24 UTC 2026","","","",""
"","62","when there is no ID in the URL the highest position tag ID is returned","usePZQueryParams","Thu Apr 30 00:59:12 UTC 2026","passed","Thu Apr 30 00:59:12 UTC 2026","","","",""
"","1028","should render many sections with many navigation items","SubNav","Thu Apr 30 00:59:52 UTC 2026","passed","Thu Apr 30 00:59:53 UTC 2026","","","",""
"","6","updates key in state","useObjectState","Thu Apr 30 01:00:20 UTC 2026","passed","Thu Apr 30 01:00:20 UTC 2026","","","",""
"","228","should display ""Cancel"" button","Enable2FADialog","Thu Apr 30 00:59:41 UTC 2026","passed","Thu Apr 30 00:59:42 UTC 2026","","","",""
"Test cases for TestResources_ListADEntityAdminRights","0","TestResources_ListADEntityAdminRights","","Thu Apr 30 00:55:03 UTC 2026","passed","Thu Apr 30 00:55:03 UTC 2026","","Go Test","github.com/specterops/bloodhound/cmd/api/src/api/v2/TestResources_ListADEntityAdminRights","TestResources_ListADEntityAdminRights"
"Test cases for TestResources_SearchHandler","0","TestResources_SearchHandler","","Thu Apr 30 00:55:03 UTC 2026","passed","Thu Apr 30 00:55:03 UTC 2026","","Go Test","github.com/specterops/bloodhound/cmd/api/src/api/v2/TestResources_SearchHandler","TestResources_SearchHandler"
"","283","should render with the correct content","ConfirmUpdateQueryDialog","Thu Apr 30 01:00:40 UTC 2026","passed","Thu Apr 30 01:00:40 UTC 2026","","","",""
"Test cases for TestResources_ListAuditLogs_OnlyOffset","0","TestResources_ListAuditLogs_OnlyOffset","","Thu Apr 30 00:55:03 UTC 2026","passed","Thu Apr 30 00:55:03 UTC 2026","","Go Test","github.com/specterops/bloodhound/cmd/api/src/api/v2/TestResources_ListAuditLogs_OnlyOffset","TestResources_ListAuditLogs_OnlyOffset"
"Test cases for TestTenantRoles","0","TestTenantRoles","","Thu Apr 30 00:55:28 UTC 2026","passed","Thu Apr 30 00:55:28 UTC 2026","","Go Test","github.com/specterops/bloodhound/packages/go/analysis/azure/TestTenantRoles","TestTenantRoles"
"","107","continue button is disabled when no SSO provider has been selected","LoginViaSSOForm","Thu Apr 30 00:59:28 UTC 2026","passed","Thu Apr 30 00:59:28 UTC 2026","","","",""
"Test cases for TestRewriter_Enter_NoShortcut_PreservesKinds","0","TestRewriter_Enter_NoShortcut_PreservesKinds","","Thu Apr 30 00:55:08 UTC 2026","passed","Thu Apr 30 00:55:08 UTC 2026","","Go Test","github.com/specterops/bloodhound/cmd/api/src/queries/TestRewriter_Enter_NoShortcut_PreservesKinds","TestRewriter_Enter_NoShortcut_PreservesKinds"
"Test cases for TestGetPageParamsForGraphQuery","0","TestGetPageParamsForGraphQuery","","Thu Apr 30 00:55:28 UTC 2026","passed","Thu Apr 30 00:55:28 UTC 2026","","Go Test","github.com/specterops/bloodhound/cmd/api/src/utils/TestGetPageParamsForGraphQuery","TestGetPageParamsForGraphQuery"
"Test cases for TestManagementResource_EnrollMFA","4281","TestManagementResource_EnrollMFA","","Thu Apr 30 00:55:33 UTC 2026","passed","Thu Apr 30 00:55:37 UTC 2026","","Go Test","github.com/specterops/bloodhound/cmd/api/src/api/v2/auth/TestManagementResource_EnrollMFA","TestManagementResource_EnrollMFA"
"","16","renders disabled prop when flag is not enabled","FeatureFlag","Thu Apr 30 00:59:57 UTC 2026","passed","Thu Apr 30 00:59:57 UTC 2026","","","",""
"","1055","renders asset group edit options with graph write permissions","ContextMenu","Thu Apr 30 01:01:44 UTC 2026","passed","Thu Apr 30 01:01:45 UTC 2026","","","",""
"","0","Empty input is provided","Parsing the debounced input for type and keyword values","Thu Apr 30 00:59:23 UTC 2026","passed","Thu Apr 30 00:59:23 UTC 2026","","","",""
"","2967","categories default to expanded","Pathfinding","Thu Apr 30 00:56:39 UTC 2026","passed","Thu Apr 30 00:56:42 UTC 2026","","","",""
"Test cases for TestAuthExtensions","4","TestAuthExtensions","","Thu Apr 30 00:54:53 UTC 2026","passed","Thu Apr 30 00:54:53 UTC 2026","","Go Test","github.com/specterops/bloodhound/cmd/api/src/api/TestAuthExtensions","TestAuthExtensions"
"","229","should render a nav element with logo, two lists, a version number and a powered by","MainNav","Thu Apr 30 00:58:12 UTC 2026","passed","Thu Apr 30 00:58:12 UTC 2026","","","",""
"Test cases for TestMarshalBool","0","TestMarshalBool","","Thu Apr 30 00:55:06 UTC 2026","passed","Thu Apr 30 00:55:06 UTC 2026","","Go Test","github.com/specterops/bloodhound/cmd/api/src/database/types/null/TestMarshalBool","TestMarshalBool"
"","0","Input does not contain a type","Parsing the debounced input for type and keyword values","Thu Apr 30 00:59:23 UTC 2026","passed","Thu Apr 30 00:59:23 UTC 2026","","","",""
"","181","should display error message when error prop is provided","UpdateUserDialog","Thu Apr 30 00:56:54 UTC 2026","passed","Thu Apr 30 00:56:54 UTC 2026","","","",""
"","138","shows formatted expiration date (yyyy-MM-dd) when expires_at is set","UserTokenManagementDialog - API Expiration Date column","Thu Apr 30 00:57:34 UTC 2026","passed","Thu Apr 30 00:57:34 UTC 2026","","","",""
"","25","whencreated","Handling value formatting for Active Directory entity properties lastlogon, lastlogontimestamp, whencreated, and pwdlastset","Thu Apr 30 00:57:49 UTC 2026","passed","Thu Apr 30 00:57:49 UTC 2026","","","",""
"","1","does not overwrite an existing localStorage value with initialValue","useLocalStorage","Thu Apr 30 00:58:13 UTC 2026","passed","Thu Apr 30 00:58:13 UTC 2026","","initial value","",""
"Test cases for TestCreateUser_Success","1322","TestCreateUser_Success","","Thu Apr 30 00:55:10 UTC 2026","passed","Thu Apr 30 00:55:12 UTC 2026","","Go Test","github.com/specterops/bloodhound/cmd/api/src/api/v2/auth/TestCreateUser_Success","TestCreateUser_Success"
"Test cases for TestWriteBasicResponse","0","TestWriteBasicResponse","","Thu Apr 30 00:54:53 UTC 2026","passed","Thu Apr 30 00:54:53 UTC 2026","","Go Test","github.com/specterops/bloodhound/cmd/api/src/api/TestWriteBasicResponse","TestWriteBasicResponse"
"Test cases for TestResources_GetDomainEntityInfo","5","TestResources_GetDomainEntityInfo","","Thu Apr 30 00:55:03 UTC 2026","passed","Thu Apr 30 00:55:03 UTC 2026","","Go Test","github.com/specterops/bloodhound/cmd/api/src/api/v2/TestResources_GetDomainEntityInfo","TestResources_GetDomainEntityInfo"
"","0","should handle the well formed entities","Evaluating the entity display name from a given entity","Thu Apr 30 00:57:49 UTC 2026","passed","Thu Apr 30 00:57:49 UTC 2026","","","",""
"Test cases for TestResources_UpdateSavedQuery_UpdateFailed","0","TestResources_UpdateSavedQuery_UpdateFailed","","Thu Apr 30 00:55:03 UTC 2026","passed","Thu Apr 30 00:55:03 UTC 2026","","Go Test","github.com/specterops/bloodhound/cmd/api/src/api/v2/TestResources_UpdateSavedQuery_UpdateFailed","TestResources_UpdateSavedQuery_UpdateFailed"
"Test cases for TestWriteAndValidateZip","1","TestWriteAndValidateZip","","Thu Apr 30 00:55:11 UTC 2026","passed","Thu Apr 30 00:55:11 UTC 2026","","Go Test","github.com/specterops/bloodhound/cmd/api/src/services/upload/TestWriteAndValidateZip","TestWriteAndValidateZip"
"","183","renders a confirm dialg","ConfirmDeleteQueryDialog","Thu Apr 30 01:00:56 UTC 2026","passed","Thu Apr 30 01:00:56 UTC 2026","","","",""
"Test cases for TestResources_UpdateSavedQuery_OwnPublicQuery_Success","0","TestResources_UpdateSavedQuery_OwnPublicQuery_Success","","Thu Apr 30 00:55:03 UTC 2026","passed","Thu Apr 30 00:55:03 UTC 2026","","Go Test","github.com/specterops/bloodhound/cmd/api/src/api/v2/TestResources_UpdateSavedQuery_OwnPublicQuery_Success","TestResources_UpdateSavedQuery_OwnPublicQuery_Success"
"Test cases for TestResources_GetGPOEntityInfo","8","TestResources_GetGPOEntityInfo","","Thu Apr 30 00:55:03 UTC 2026","passed","Thu Apr 30 00:55:03 UTC 2026","","Go Test","github.com/specterops/bloodhound/cmd/api/src/api/v2/TestResources_GetGPOEntityInfo","TestResources_GetGPOEntityInfo"
"","81","allows a consumer to swap the values of the two inputs and update the query params accordingly","usePathfindingSearch","Thu Apr 30 00:58:34 UTC 2026","passed","Thu Apr 30 00:58:34 UTC 2026","","","",""
"","29","should display a none selected header and a message to select an object","EntityInfoPanel","Thu Apr 30 01:00:06 UTC 2026","passed","Thu Apr 30 01:00:06 UTC 2026","","","",""
"","783","should render a create user form","CreateUserDialog","Thu Apr 30 00:56:39 UTC 2026","passed","Thu Apr 30 00:56:40 UTC 2026","","","",""
"","40","calls getKey for each item (stable keys hook)","<DetailsAccordion />","Thu Apr 30 00:57:41 UTC 2026","passed","Thu Apr 30 00:57:41 UTC 2026","","","",""
"","350","does fires TagToLabelDialog when the Label option is clicked","TagToZoneLabel","Thu Apr 30 00:56:16 UTC 2026","passed","Thu Apr 30 00:56:16 UTC 2026","","","",""
"","92","displays pinned columns and unselected columns in the dropdown","ManageColumnsComboBox","Thu Apr 30 00:57:43 UTC 2026","passed","Thu Apr 30 00:57:43 UTC 2026","","","",""
"","485","sets exploreSearchTab param to pathfinding when the user clicks the `pathfinding` tab","ExploreSearch sets searchType on tab changing","Thu Apr 30 01:01:33 UTC 2026","passed","Thu Apr 30 01:01:34 UTC 2026","","","",""
"","84","does not show View in Explore if in object rule type","Seed Selection Results","Thu Apr 30 00:57:37 UTC 2026","passed","Thu Apr 30 00:57:37 UTC 2026","","","",""
"","154","renders a graph view","GraphView","Thu Apr 30 01:01:48 UTC 2026","passed","Thu Apr 30 01:01:48 UTC 2026","","","",""
"Test cases for TestWriteErrorResponse_InvalidFormat","0","TestWriteErrorResponse_InvalidFormat","","Thu Apr 30 00:54:53 UTC 2026","passed","Thu Apr 30 00:54:53 UTC 2026","","Go Test","github.com/specterops/bloodhound/cmd/api/src/api/TestWriteErrorResponse_InvalidFormat","TestWriteErrorResponse_InvalidFormat"
"","47","should render a Field when the provided value is false","Field","Thu Apr 30 01:00:32 UTC 2026","passed","Thu Apr 30 01:00:32 UTC 2026","","","",""
"","298","invalidates the extensions query after a successful upload","SchemaUploadDialog","Thu Apr 30 00:57:22 UTC 2026","passed","Thu Apr 30 00:57:22 UTC 2026","","","",""
"","1182","should call onSubmit with password when reset password button clicked","PasswordResetForm","Thu Apr 30 00:58:38 UTC 2026","passed","Thu Apr 30 00:58:39 UTC 2026","","","",""
"","2","stores a string value in localStorage","useLocalStorage","Thu Apr 30 00:58:13 UTC 2026","passed","Thu Apr 30 00:58:13 UTC 2026","","setValue","",""
"","59","displays no data message when there are no extensions","ActiveExtensionsCard","Thu Apr 30 00:56:25 UTC 2026","passed","Thu Apr 30 00:56:25 UTC 2026","","","",""
"","2","stores an array value in localStorage","useLocalStorage","Thu Apr 30 00:58:13 UTC 2026","passed","Thu Apr 30 00:58:13 UTC 2026","","setValue","",""
"","0","returns false if value is 'array'","searchParams","Thu Apr 30 00:59:30 UTC 2026","passed","Thu Apr 30 00:59:30 UTC 2026","","isEmptyParam","",""
"","207","calls clickHandler when a line item is clicked","PrebuiltSearchList","Thu Apr 30 00:58:57 UTC 2026","passed","Thu Apr 30 00:58:57 UTC 2026","","","",""
"","3245","should render","Pathfinding","Thu Apr 30 00:56:31 UTC 2026","passed","Thu Apr 30 00:56:34 UTC 2026","","","",""
"Test cases for TestUpdateAssetGroupRequest_AuditData","0","TestUpdateAssetGroupRequest_AuditData","","Thu Apr 30 00:55:03 UTC 2026","passed","Thu Apr 30 00:55:03 UTC 2026","","Go Test","github.com/specterops/bloodhound/cmd/api/src/api/v2/TestUpdateAssetGroupRequest_AuditData","TestUpdateAssetGroupRequest_AuditData"
"","71","should should reflect the NOT checked state for public query","SavedQueryPermissions","Thu Apr 30 00:59:25 UTC 2026","passed","Thu Apr 30 00:59:25 UTC 2026","","","",""
"","1349","should render","EntityInfoHeader","Thu Apr 30 00:59:25 UTC 2026","passed","Thu Apr 30 00:59:26 UTC 2026","","","",""
"","598","should display Environmental Targeted Access Control panel when showEnvironmentAccessControls prop is true and read-only role is selected","UpdateUserForm","Thu Apr 30 00:56:14 UTC 2026","passed","Thu Apr 30 00:56:15 UTC 2026","","","",""
"","419","disables a nested graph data option while its source kind is selected","GraphDataCheckboxes","Thu Apr 30 00:57:04 UTC 2026","passed","Thu Apr 30 00:57:04 UTC 2026","","","",""
"","270","on clicking switch shows modal and when clicking confirm closes it and switch changes to enabled","CitrixRDPConfiguration","Thu Apr 30 00:58:01 UTC 2026","passed","Thu Apr 30 00:58:01 UTC 2026","","Click on switch to enable","",""
"","141","should display an error when error prop is truthy","SaveQueryDialog","Thu Apr 30 00:56:08 UTC 2026","passed","Thu Apr 30 00:56:08 UTC 2026","","","",""
"","0","Will ignore colons after the first and use them as part of the keyword search","Parsing the debounced input for type and keyword values","Thu Apr 30 00:59:23 UTC 2026","passed","Thu Apr 30 00:59:23 UTC 2026","","","",""
"Test cases for TestRegisterBHCEMetrics","0","TestRegisterBHCEMetrics","","Thu Apr 30 00:55:30 UTC 2026","passed","Thu Apr 30 00:55:30 UTC 2026","","Go Test","github.com/specterops/bloodhound/packages/go/metricsregistration/TestRegisterBHCEMetrics","TestRegisterBHCEMetrics"
"","247","should display filter dropwdowns","CommonSearches","Thu Apr 30 00:57:44 UTC 2026","passed","Thu Apr 30 00:57:45 UTC 2026","","","",""
"","25","renders details for a selected rule and is of type ""Object""","DynamicDetails","Thu Apr 30 00:58:11 UTC 2026","passed","Thu Apr 30 00:58:12 UTC 2026","","","",""
"","381","clears the applied filter","FileIngestFilterDialog","Thu Apr 30 00:57:32 UTC 2026","passed","Thu Apr 30 00:57:32 UTC 2026","","User Select","",""
"","22","sets autoDisplayTable to false if query type is composition","useExploreTableAutoDisplay","Thu Apr 30 01:00:01 UTC 2026","passed","Thu Apr 30 01:00:01 UTC 2026","","","",""
"Test cases for TestIntScan","0","TestIntScan","","Thu Apr 30 00:55:06 UTC 2026","passed","Thu Apr 30 00:55:06 UTC 2026","","Go Test","github.com/specterops/bloodhound/cmd/api/src/database/types/null/TestIntScan","TestIntScan"
"","0","fails for password shorter than 12 characters","testPassword","Thu Apr 30 01:01:04 UTC 2026","passed","Thu Apr 30 01:01:04 UTC 2026","","","",""
"Test cases for TestResources_DeleteAssetGroupSelector","0","TestResources_DeleteAssetGroupSelector","","Thu Apr 30 00:55:03 UTC 2026","passed","Thu Apr 30 00:55:03 UTC 2026","","Go Test","github.com/specterops/bloodhound/cmd/api/src/api/v2/TestResources_DeleteAssetGroupSelector","TestResources_DeleteAssetGroupSelector"
"","246","should display ""Disable Multi-Factor Authentication?"" title","Enable2FADialog","Thu Apr 30 00:59:41 UTC 2026","passed","Thu Apr 30 00:59:41 UTC 2026","","","",""
"","0","returns all collected environments when aggegation type is all","getEnvironmentAggregationIds","Thu Apr 30 00:56:19 UTC 2026","passed","Thu Apr 30 00:56:19 UTC 2026","","","",""
"Test cases for Test_filterAndFormatSearchResults_filterEnvironmentsOG","0","Test_filterAndFormatSearchResults_filterEnvironmentsOG","","Thu Apr 30 00:55:03 UTC 2026","passed","Thu Apr 30 00:55:03 UTC 2026","","Go Test","github.com/specterops/bloodhound/cmd/api/src/api/v2/Test_filterAndFormatSearchResults_filterEnvironmentsOG","Test_filterAndFormatSearchResults_filterEnvironmentsOG"
"Test cases for TestManagementResource_GetAZEntity","166","TestManagementResource_GetAZEntity","","Thu Apr 30 00:55:03 UTC 2026","passed","Thu Apr 30 00:55:03 UTC 2026","","Go Test","github.com/specterops/bloodhound/cmd/api/src/api/v2/TestManagementResource_GetAZEntity","TestManagementResource_GetAZEntity"
"","251","calls the onReset prop when the crop button is clicked","GraphControls","Thu Apr 30 00:57:18 UTC 2026","passed","Thu Apr 30 00:57:18 UTC 2026","","Resetting graph","",""
"","3060","Clicking on a row causes row to be selected","ExploreTable","Thu Apr 30 00:56:10 UTC 2026","passed","Thu Apr 30 00:56:13 UTC 2026","","","",""
"Test cases for TestCache_Set","1","TestCache_Set","","Thu Apr 30 00:55:29 UTC 2026","passed","Thu Apr 30 00:55:29 UTC 2026","","Go Test","github.com/specterops/bloodhound/packages/go/cache/TestCache_Set","TestCache_Set"
"","125","Searching for existing node type returns node properties","useFetchEntityInfo","Thu Apr 30 00:58:43 UTC 2026","passed","Thu Apr 30 00:58:43 UTC 2026","","","",""
"","161","calls onCancel when cancel button clicked","EarlyAccessFeaturesWarningDialog","Thu Apr 30 01:02:14 UTC 2026","passed","Thu Apr 30 01:02:14 UTC 2026","","","",""
"Test cases for TestGC_NewDataPruningDaemon","0","TestGC_NewDataPruningDaemon","","Thu Apr 30 00:55:04 UTC 2026","passed","Thu Apr 30 00:55:04 UTC 2026","","Go Test","github.com/specterops/bloodhound/cmd/api/src/daemons/gc/TestGC_NewDataPruningDaemon","TestGC_NewDataPruningDaemon"
"Test cases for TestConvertOUToNode_InheritanceHashes","0","TestConvertOUToNode_InheritanceHashes","","Thu Apr 30 00:55:29 UTC 2026","passed","Thu Apr 30 00:55:29 UTC 2026","","Go Test","github.com/specterops/bloodhound/packages/go/ein/TestConvertOUToNode_InheritanceHashes","TestConvertOUToNode_InheritanceHashes"
"","1754","renders","DatabaseManagement","Thu Apr 30 01:01:31 UTC 2026","passed","Thu Apr 30 01:01:32 UTC 2026","","","",""
"","61","shows an error notification if there is an error fetching","useFinishedJobs","Thu Apr 30 00:58:28 UTC 2026","passed","Thu Apr 30 00:58:28 UTC 2026","","","",""
"","7","should render when search string at the end of the text","HighlightedText","Thu Apr 30 01:00:19 UTC 2026","passed","Thu Apr 30 01:00:19 UTC 2026","","","",""
"Test cases for TestStringFromPtr","0","TestStringFromPtr","","Thu Apr 30 00:55:06 UTC 2026","passed","Thu Apr 30 00:55:06 UTC 2026","","Go Test","github.com/specterops/bloodhound/cmd/api/src/database/types/null/TestStringFromPtr","TestStringFromPtr"
"Test cases for TestSignRequestValuesSuccess","0","TestSignRequestValuesSuccess","","Thu Apr 30 00:54:53 UTC 2026","passed","Thu Apr 30 00:54:53 UTC 2026","","Go Test","github.com/specterops/bloodhound/cmd/api/src/api/TestSignRequestValuesSuccess","TestSignRequestValuesSuccess"
"","3","uses sequentialLayout by default","Explore utils","Thu Apr 30 01:01:46 UTC 2026","passed","Thu Apr 30 01:01:46 UTC 2026","","initGraph","",""
"","2904","Kebab menu click causes the callback function to be called with the correct parameters","ExploreTable","Thu Apr 30 00:56:13 UTC 2026","passed","Thu Apr 30 00:56:16 UTC 2026","","","",""
"","1605","executes a pathfinding search when both a source and destination node are provided","Pathfinding: interaction","Thu Apr 30 00:58:23 UTC 2026","passed","Thu Apr 30 00:58:25 UTC 2026","","","",""
"","272","shows a loading state","FileIngestTable","Thu Apr 30 00:58:38 UTC 2026","passed","Thu Apr 30 00:58:38 UTC 2026","","","",""
"","348","should render an SavedQueryPermissions component","SaveQueryDialog","Thu Apr 30 00:56:08 UTC 2026","passed","Thu Apr 30 00:56:08 UTC 2026","","","",""
"","517","navigates to object details when clicking an object row","ObjectsAccordion","Thu Apr 30 01:00:08 UTC 2026","passed","Thu Apr 30 01:00:08 UTC 2026","","","",""
"","89","hides loading state when data is available","GraphDataCheckboxes","Thu Apr 30 00:57:00 UTC 2026","passed","Thu Apr 30 00:57:00 UTC 2026","","","",""
"Test cases for TestUnmarshalFloat","0","TestUnmarshalFloat","","Thu Apr 30 00:55:06 UTC 2026","passed","Thu Apr 30 00:55:06 UTC 2026","","Go Test","github.com/specterops/bloodhound/cmd/api/src/database/types/null/TestUnmarshalFloat","TestUnmarshalFloat"
"Test cases for TestManagementResource_ListAuthTokens_InvalidFilterPredicate","0","TestManagementResource_ListAuthTokens_InvalidFilterPredicate","","Thu Apr 30 00:55:33 UTC 2026","passed","Thu Apr 30 00:55:33 UTC 2026","","Go Test","github.com/specterops/bloodhound/cmd/api/src/api/v2/auth/TestManagementResource_ListAuthTokens_InvalidFilterPredicate","TestManagementResource_ListAuthTokens_InvalidFilterPredicate"
"Test cases for TestBoolFrom","0","TestBoolFrom","","Thu Apr 30 00:55:06 UTC 2026","passed","Thu Apr 30 00:55:06 UTC 2026","","Go Test","github.com/specterops/bloodhound/cmd/api/src/database/types/null/TestBoolFrom","TestBoolFrom"
"","222","filters unselected columns when typing in the filter input","ManageColumnsComboBox","Thu Apr 30 00:57:43 UTC 2026","passed","Thu Apr 30 00:57:44 UTC 2026","","","",""
"","0","fails for password without uppercase letters","testPassword","Thu Apr 30 01:01:04 UTC 2026","passed","Thu Apr 30 01:01:04 UTC 2026","","","",""
"","66","renders a ListItemActionMenu component","ListItemActionMenu","Thu Apr 30 00:59:31 UTC 2026","passed","Thu Apr 30 00:59:31 UTC 2026","","","",""
"","118","is disabled if no filters are active","AssetGroupEdit","Thu Apr 30 00:57:56 UTC 2026","passed","Thu Apr 30 00:57:56 UTC 2026","","Clear Filters button","",""
"Test cases for TestManagementResource_SanitizeAndGetRoles","0","TestManagementResource_SanitizeAndGetRoles","","Thu Apr 30 00:55:48 UTC 2026","passed","Thu Apr 30 00:55:48 UTC 2026","","Go Test","github.com/specterops/bloodhound/cmd/api/src/api/v2/auth/TestManagementResource_SanitizeAndGetRoles","TestManagementResource_SanitizeAndGetRoles"
"Test cases for TestResources_ShareSavedQueriesPermissions_CanUpdateSavedQueriesPermission","3","TestResources_ShareSavedQueriesPermissions_CanUpdateSavedQueriesPermission","","Thu Apr 30 00:55:03 UTC 2026","passed","Thu Apr 30 00:55:03 UTC 2026","","Go Test","github.com/specterops/bloodhound/cmd/api/src/api/v2/TestResources_ShareSavedQueriesPermissions_CanUpdateSavedQueriesPermission","TestResources_ShareSavedQueriesPermissions_CanUpdateSavedQueriesPermission"
"","7","should render a Field when the provided value is -0","Field","Thu Apr 30 01:00:32 UTC 2026","passed","Thu Apr 30 01:00:32 UTC 2026","","","",""
"","9","should render a Field when the provided value is 0","Field","Thu Apr 30 01:00:32 UTC 2026","passed","Thu Apr 30 01:00:32 UTC 2026","","","",""
"","139","renders Label as first tab and is also the initially selected on first render in Labels View/Tab","Selected Details Tabs","Thu Apr 30 00:58:21 UTC 2026","passed","Thu Apr 30 00:58:21 UTC 2026","","Selected Details Tabs - Params present","",""
"Test cases for TestBuildErrorResponseDefault","0","TestBuildErrorResponseDefault","","Thu Apr 30 00:54:53 UTC 2026","passed","Thu Apr 30 00:54:53 UTC 2026","","Go Test","github.com/specterops/bloodhound/cmd/api/src/api/TestBuildErrorResponseDefault","TestBuildErrorResponseDefault"
"Test cases for TestRewriter_Enter_AllAttackPathsShortcut_TakesPrecedenceOverOtherShortcuts","0","TestRewriter_Enter_AllAttackPathsShortcut_TakesPrecedenceOverOtherShortcuts","","Thu Apr 30 00:55:08 UTC 2026","passed","Thu Apr 30 00:55:08 UTC 2026","","Go Test","github.com/specterops/bloodhound/cmd/api/src/queries/TestRewriter_Enter_AllAttackPathsShortcut_TakesPrecedenceOverOtherShortcuts","TestRewriter_Enter_AllAttackPathsShortcut_TakesPrecedenceOverOtherShortcuts"
"","356","displays 0 when a given sections returns empty, and sums the rest of the sections correctly","EntityInfoDataTable","Thu Apr 30 00:57:28 UTC 2026","passed","Thu Apr 30 00:57:28 UTC 2026","","Node count for nested table that counts all sections","",""
"Test cases for TestMatches_Success","0","TestMatches_Success","","Thu Apr 30 00:55:07 UTC 2026","passed","Thu Apr 30 00:55:07 UTC 2026","","Go Test","github.com/specterops/bloodhound/cmd/api/src/model/TestMatches_Success","TestMatches_Success"
"","32","renders a list of pre-built searches and displays categories and subcategories one time","PrebuiltSearchList","Thu Apr 30 00:58:57 UTC 2026","passed","Thu Apr 30 00:58:57 UTC 2026","","","",""
"Test cases for TestManagementResource_ListRoles_DBError","0","TestManagementResource_ListRoles_DBError","","Thu Apr 30 00:55:09 UTC 2026","passed","Thu Apr 30 00:55:09 UTC 2026","","Go Test","github.com/specterops/bloodhound/cmd/api/src/api/v2/auth/TestManagementResource_ListRoles_DBError","TestManagementResource_ListRoles_DBError"
"","168","Should display headers for member name and count","AssetGroupMemberList","Thu Apr 30 01:00:18 UTC 2026","passed","Thu Apr 30 01:00:18 UTC 2026","","","",""
"","181","should render action list item that handles a function","MainNav","Thu Apr 30 00:58:12 UTC 2026","passed","Thu Apr 30 00:58:13 UTC 2026","","","",""
"Test cases for TestAddOrderByToNeo4jQuery_WithOrderByClause","0","TestAddOrderByToNeo4jQuery_WithOrderByClause","","Thu Apr 30 00:55:03 UTC 2026","passed","Thu Apr 30 00:55:03 UTC 2026","","Go Test","github.com/specterops/bloodhound/cmd/api/src/api/v2/TestAddOrderByToNeo4jQuery_WithOrderByClause","TestAddOrderByToNeo4jQuery_WithOrderByClause"
"","61","returns when zone limit is reached","useTagLimits","Thu Apr 30 00:56:35 UTC 2026","passed","Thu Apr 30 00:56:35 UTC 2026","","","",""
"","1","handles unix time values by converting them to our standard date display format","Formatting number properties","Thu Apr 30 00:57:49 UTC 2026","passed","Thu Apr 30 00:57:49 UTC 2026","","","",""
"Test cases for TestManagementResource_ListAuthProviders","0","TestManagementResource_ListAuthProviders","","Thu Apr 30 00:55:48 UTC 2026","passed","Thu Apr 30 00:55:48 UTC 2026","","Go Test","github.com/specterops/bloodhound/cmd/api/src/api/v2/auth/TestManagementResource_ListAuthProviders","TestManagementResource_ListAuthProviders"
"","0","returns paramValue as EnvironmentAggregation if paramValue is active-directory","useEnvironmentParams","Thu Apr 30 01:01:02 UTC 2026","passed","Thu Apr 30 01:01:02 UTC 2026","","parseEnvironmentAggregation","",""
"","1","combines platform and risk filters","filterAndSearchEnvironments","Thu Apr 30 00:56:19 UTC 2026","passed","Thu Apr 30 00:56:19 UTC 2026","","combined filters","",""
"Test cases for TestFilterStructSlice","0","TestFilterStructSlice","","Thu Apr 30 00:54:53 UTC 2026","passed","Thu Apr 30 00:54:53 UTC 2026","","Go Test","github.com/specterops/bloodhound/cmd/api/src/api/TestFilterStructSlice","TestFilterStructSlice"
"Test cases for TestMap","0","TestMap","","Thu Apr 30 00:55:42 UTC 2026","passed","Thu Apr 30 00:55:42 UTC 2026","","Go Test","github.com/specterops/bloodhound/packages/go/slicesext/TestMap","TestMap"
"","162","calls handleInitialEnvironment with the highest impactValue as the initial environment","useInitialEnvironment","Thu Apr 30 00:59:57 UTC 2026","passed","Thu Apr 30 00:59:57 UTC 2026","","","",""
"","488","shows error notification when deletion fails","ActiveExtensionsCard","Thu Apr 30 00:56:29 UTC 2026","passed","Thu Apr 30 00:56:30 UTC 2026","","","",""
"","0","calls transformToFlatGraphResponse when graphData matches GraphResponse interface","normalizeGraphDataForSigma","Thu Apr 30 01:02:10 UTC 2026","passed","Thu Apr 30 01:02:10 UTC 2026","","","",""
"Test cases for TestUnmarshalTimeJSON","0","TestUnmarshalTimeJSON","","Thu Apr 30 00:55:06 UTC 2026","passed","Thu Apr 30 00:55:06 UTC 2026","","Go Test","github.com/specterops/bloodhound/cmd/api/src/database/types/null/TestUnmarshalTimeJSON","TestUnmarshalTimeJSON"
"","90","displays ! icon when one of the Affected Object calls fail","EntityInfoDataTable","Thu Apr 30 00:57:28 UTC 2026","passed","Thu Apr 30 00:57:28 UTC 2026","","Node count for nested table that counts all sections","",""
"Test cases for TestManagementResource_ListRoles","0","TestManagementResource_ListRoles","","Thu Apr 30 00:55:09 UTC 2026","passed","Thu Apr 30 00:55:09 UTC 2026","","Go Test","github.com/specterops/bloodhound/cmd/api/src/api/v2/auth/TestManagementResource_ListRoles","TestManagementResource_ListRoles"
"","451","should not allow leading or trailing empty spaces","UpdateUserForm","Thu Apr 30 00:56:14 UTC 2026","passed","Thu Apr 30 00:56:14 UTC 2026","","","",""
"Test cases for TestWriteAndValidateJSON_NormalizationError","0","TestWriteAndValidateJSON_NormalizationError","","Thu Apr 30 00:55:11 UTC 2026","passed","Thu Apr 30 00:55:11 UTC 2026","","Go Test","github.com/specterops/bloodhound/cmd/api/src/services/upload/TestWriteAndValidateJSON_NormalizationError","TestWriteAndValidateJSON_NormalizationError"
"","150","displays Force Password Reset checkbox when showNeedsPasswordReset is true","PasswordDialog","Thu Apr 30 00:56:38 UTC 2026","passed","Thu Apr 30 00:56:38 UTC 2026","","","",""
"","9","does not return when zone limit is not reached","useTagLimits","Thu Apr 30 00:56:35 UTC 2026","passed","Thu Apr 30 00:56:35 UTC 2026","","","",""
"Test cases for TestRoleAssignments_NodesWithRolesExclusive","0","TestRoleAssignments_NodesWithRolesExclusive","","Thu Apr 30 00:55:28 UTC 2026","passed","Thu Apr 30 00:55:28 UTC 2026","","Go Test","github.com/specterops/bloodhound/packages/go/analysis/azure/TestRoleAssignments_NodesWithRolesExclusive","TestRoleAssignments_NodesWithRolesExclusive"
"","0","falls back to the default Cypher message when ruleType is undefined and seeds are required","handleError","Thu Apr 30 00:57:24 UTC 2026","passed","Thu Apr 30 00:57:24 UTC 2026","","","",""
"Test cases for TestParseVersion","0","TestParseVersion","","Thu Apr 30 00:55:28 UTC 2026","passed","Thu Apr 30 00:55:28 UTC 2026","","Go Test","github.com/specterops/bloodhound/cmd/api/src/version/TestParseVersion","TestParseVersion"
"","234","handles creating a new label","Tag Form","Thu Apr 30 00:56:07 UTC 2026","passed","Thu Apr 30 00:56:07 UTC 2026","","","",""
"Test cases for TestTextUnmarshalInt64","0","TestTextUnmarshalInt64","","Thu Apr 30 00:55:06 UTC 2026","passed","Thu Apr 30 00:55:06 UTC 2026","","Go Test","github.com/specterops/bloodhound/cmd/api/src/database/types/null/TestTextUnmarshalInt64","TestTextUnmarshalInt64"
"","111","Disable Analyze Now and change to Analyzing if datapipe status is different from ""idle""","AnalyzeNowConfiguration","Thu Apr 30 00:58:13 UTC 2026","passed","Thu Apr 30 00:58:13 UTC 2026","","","",""
"Test cases for TestCreateUser_ETAC","3296","TestCreateUser_ETAC","","Thu Apr 30 00:55:12 UTC 2026","passed","Thu Apr 30 00:55:15 UTC 2026","","Go Test","github.com/specterops/bloodhound/cmd/api/src/api/v2/auth/TestCreateUser_ETAC","TestCreateUser_ETAC"
"Test cases for TestResources_DeleteSavedQuery_UserNotAdmin","0","TestResources_DeleteSavedQuery_UserNotAdmin","","Thu Apr 30 00:55:03 UTC 2026","passed","Thu Apr 30 00:55:03 UTC 2026","","Go Test","github.com/specterops/bloodhound/cmd/api/src/api/v2/TestResources_DeleteSavedQuery_UserNotAdmin","TestResources_DeleteSavedQuery_UserNotAdmin"
"Test cases for TestManagementResource_UpdateSAMLProviderRequest","14","TestManagementResource_UpdateSAMLProviderRequest","","Thu Apr 30 00:55:48 UTC 2026","passed","Thu Apr 30 00:55:48 UTC 2026","","Go Test","github.com/specterops/bloodhound/cmd/api/src/api/v2/auth/TestManagementResource_UpdateSAMLProviderRequest","TestManagementResource_UpdateSAMLProviderRequest"
"","32","displays a loading message while fetching extensions","ActiveExtensionsCard","Thu Apr 30 00:56:25 UTC 2026","passed","Thu Apr 30 00:56:25 UTC 2026","","","",""
"Test cases for Test_CheckAccessToEnvironments","145","Test_CheckAccessToEnvironments","","Thu Apr 30 00:55:03 UTC 2026","passed","Thu Apr 30 00:55:03 UTC 2026","","Go Test","github.com/specterops/bloodhound/cmd/api/src/api/v2/Test_CheckAccessToEnvironments","Test_CheckAccessToEnvironments"
"","0","excludes non-collected environments when risk filter is active","filterAndSearchEnvironments","Thu Apr 30 00:56:19 UTC 2026","passed","Thu Apr 30 00:56:19 UTC 2026","","risk filters","",""
"","3","should compute normal vectors for line segments","bezier","Thu Apr 30 01:01:54 UTC 2026","passed","Thu Apr 30 01:01:54 UTC 2026","","","",""
"Test cases for TestCacheEntryDigester_DigestEndpoint_JSONMarshalError","0","TestCacheEntryDigester_DigestEndpoint_JSONMarshalError","","Thu Apr 30 00:55:11 UTC 2026","passed","Thu Apr 30 00:55:11 UTC 2026","","Go Test","github.com/specterops/bloodhound/cmd/api/src/services/graphify/endpoint/TestCacheEntryDigester_DigestEndpoint_JSONMarshalError","TestCacheEntryDigester_DigestEndpoint_JSONMarshalError"
"Test cases for TestResources_ListADComputerPSRemoteUsers","8","TestResources_ListADComputerPSRemoteUsers","","Thu Apr 30 00:55:03 UTC 2026","passed","Thu Apr 30 00:55:03 UTC 2026","","Go Test","github.com/specterops/bloodhound/cmd/api/src/api/v2/TestResources_ListADComputerPSRemoteUsers","TestResources_ListADComputerPSRemoteUsers"
"","448","renders correctly with requiresCurrentPassword false","PasswordDialog","Thu Apr 30 00:56:37 UTC 2026","passed","Thu Apr 30 00:56:37 UTC 2026","","","",""
"","0","returns a comma separated number when provided with a number > 999","numberFormatting","Thu Apr 30 00:58:55 UTC 2026","passed","Thu Apr 30 00:58:55 UTC 2026","","","",""
"Test cases for TestNewManifest","0","TestNewManifest","","Thu Apr 30 00:55:05 UTC 2026","passed","Thu Apr 30 00:55:05 UTC 2026","","Go Test","github.com/specterops/bloodhound/cmd/api/src/database/migration/TestNewManifest","TestNewManifest"
"","8","displays lastlogon cell as NEVER when the value is -1","ExploreTableDataCell","Thu Apr 30 01:00:23 UTC 2026","passed","Thu Apr 30 01:00:23 UTC 2026","","","",""
"","5","returns paramValue if it is one of the expected values","useExploreParams","Thu Apr 30 01:01:08 UTC 2026","passed","Thu Apr 30 01:01:08 UTC 2026","","parseSearchType","",""
"","157","renders the Zone/Labels Tab content when first tab is chosen","Selected Details Tab Content","Thu Apr 30 01:00:15 UTC 2026","passed","Thu Apr 30 01:00:15 UTC 2026","","","",""
"","47","should display an error message if data does not return from the API","Context Selector Error","Thu Apr 30 00:58:08 UTC 2026","passed","Thu Apr 30 00:58:08 UTC 2026","","","",""
"","767","should render a SaveQueryDialog","SaveQueryDialog","Thu Apr 30 00:56:04 UTC 2026","passed","Thu Apr 30 00:56:05 UTC 2026","","","",""
"Test cases for TestResources_GetPathfindingResult","1","TestResources_GetPathfindingResult","","Thu Apr 30 00:55:03 UTC 2026","passed","Thu Apr 30 00:55:03 UTC 2026","","Go Test","github.com/specterops/bloodhound/cmd/api/src/api/v2/TestResources_GetPathfindingResult","TestResources_GetPathfindingResult"
"Test cases for TestManagementResource_UpdateUser_LookupActiveSessionsError","1035","TestManagementResource_UpdateUser_LookupActiveSessionsError","","Thu Apr 30 00:55:22 UTC 2026","passed","Thu Apr 30 00:55:23 UTC 2026","","Go Test","github.com/specterops/bloodhound/cmd/api/src/api/v2/auth/TestManagementResource_UpdateUser_LookupActiveSessionsError","TestManagementResource_UpdateUser_LookupActiveSessionsError"
"Test cases for TestAuth_CreateSSOSession","10","TestAuth_CreateSSOSession","","Thu Apr 30 00:55:03 UTC 2026","passed","Thu Apr 30 00:55:03 UTC 2026","","Go Test","github.com/specterops/bloodhound/cmd/api/src/api/v2/auth/TestAuth_CreateSSOSession","TestAuth_CreateSSOSession"
"Test cases for TestUnmarshalInt64","0","TestUnmarshalInt64","","Thu Apr 30 00:55:06 UTC 2026","passed","Thu Apr 30 00:55:06 UTC 2026","","Go Test","github.com/specterops/bloodhound/cmd/api/src/database/types/null/TestUnmarshalInt64","TestUnmarshalInt64"
"Test cases for TestDisenrollMFA_Admin_FailureIncorrectPassword","3066","TestDisenrollMFA_Admin_FailureIncorrectPassword","","Thu Apr 30 00:55:43 UTC 2026","passed","Thu Apr 30 00:55:46 UTC 2026","","Go Test","github.com/specterops/bloodhound/cmd/api/src/api/v2/auth/TestDisenrollMFA_Admin_FailureIncorrectPassword","TestDisenrollMFA_Admin_FailureIncorrectPassword"
"Test cases for TestIsValidEmail","1","TestIsValidEmail","","Thu Apr 30 00:55:28 UTC 2026","passed","Thu Apr 30 00:55:28 UTC 2026","","Go Test","github.com/specterops/bloodhound/cmd/api/src/utils/TestIsValidEmail","TestIsValidEmail"
"","0","EXTENDED ROUNDING when thresholds are set: returns a comma separated number when provided with a number > 999","numberFormatting","Thu Apr 30 00:58:55 UTC 2026","passed","Thu Apr 30 00:58:55 UTC 2026","","","",""
"Test cases for TestEndNodes","0","TestEndNodes","","Thu Apr 30 00:55:28 UTC 2026","passed","Thu Apr 30 00:55:28 UTC 2026","","Go Test","github.com/specterops/bloodhound/packages/go/analysis/azure/TestEndNodes","TestEndNodes"
"","70","Should display a list of the asset group members","AssetGroupMemberList","Thu Apr 30 01:00:18 UTC 2026","passed","Thu Apr 30 01:00:18 UTC 2026","","","",""
"","257","toggles parent from some to all","GraphDataCheckboxes","Thu Apr 30 00:57:03 UTC 2026","passed","Thu Apr 30 00:57:03 UTC 2026","","","",""
"","1","determines glyphs with the tier_managent_engine feature flag enabled","getNodeGlyphs","Thu Apr 30 01:01:46 UTC 2026","passed","Thu Apr 30 01:01:46 UTC 2026","","","",""
"","941","shows indeterminate states when some graph data is selected","GraphDataCheckboxes","Thu Apr 30 00:57:01 UTC 2026","passed","Thu Apr 30 00:57:02 UTC 2026","","","",""
"","0","returns null if paramValue is null","useEnvironmentParams","Thu Apr 30 01:01:02 UTC 2026","passed","Thu Apr 30 01:01:02 UTC 2026","","parseEnvironmentAggregation","",""
"Test cases for TestGetLatestQueryParameter","0","TestGetLatestQueryParameter","","Thu Apr 30 00:55:03 UTC 2026","passed","Thu Apr 30 00:55:03 UTC 2026","","Go Test","github.com/specterops/bloodhound/cmd/api/src/api/v2/TestGetLatestQueryParameter","TestGetLatestQueryParameter"
"Test cases for TestDetectBOMEncoding","0","TestDetectBOMEncoding","","Thu Apr 30 00:55:29 UTC 2026","passed","Thu Apr 30 00:55:29 UTC 2026","","Go Test","github.com/specterops/bloodhound/packages/go/bomenc/TestDetectBOMEncoding","TestDetectBOMEncoding"
"","291","displays a Filters button","FileIngest","Thu Apr 30 01:00:13 UTC 2026","passed","Thu Apr 30 01:00:13 UTC 2026","","","",""
"","449","should call performSearch on keyboard press alt+R","CypherSearch","Thu Apr 30 00:56:53 UTC 2026","passed","Thu Apr 30 00:56:53 UTC 2026","","","",""
"Test cases for Test_ApplyTimeoutReduction","0","Test_ApplyTimeoutReduction","","Thu Apr 30 00:55:08 UTC 2026","passed","Thu Apr 30 00:55:08 UTC 2026","","Go Test","github.com/specterops/bloodhound/cmd/api/src/queries/Test_ApplyTimeoutReduction","Test_ApplyTimeoutReduction"
"","0","should exclude tags and operations that do not match the term","opsFilter","Thu Apr 30 01:00:02 UTC 2026","passed","Thu Apr 30 01:00:02 UTC 2026","","","",""
"Test cases for TestResources_GetAssetGroupMemberCount_IDMalformed","0","TestResources_GetAssetGroupMemberCount_IDMalformed","","Thu Apr 30 00:55:03 UTC 2026","passed","Thu Apr 30 00:55:03 UTC 2026","","Go Test","github.com/specterops/bloodhound/cmd/api/src/api/v2/TestResources_GetAssetGroupMemberCount_IDMalformed","TestResources_GetAssetGroupMemberCount_IDMalformed"
"","681","should open save dialog on keyboard press alt+S","CypherSearch","Thu Apr 30 00:56:53 UTC 2026","passed","Thu Apr 30 00:56:54 UTC 2026","","","",""
"Test cases for TestNormalizeEinNodeProperties","1","TestNormalizeEinNodeProperties","","Thu Apr 30 00:55:11 UTC 2026","passed","Thu Apr 30 00:55:11 UTC 2026","","Go Test","github.com/specterops/bloodhound/cmd/api/src/services/graphify/TestNormalizeEinNodeProperties","TestNormalizeEinNodeProperties"
"","11","constructs correct URLSearchParams with all filters","createHistoryParams","Thu Apr 30 01:00:12 UTC 2026","passed","Thu Apr 30 01:00:12 UTC 2026","","","",""
"","134","calls onSort when clicked","ColumnHeaders","Thu Apr 30 00:58:52 UTC 2026","passed","Thu Apr 30 00:58:52 UTC 2026","","SortableHeader","",""
"","80","sets autoDisplayTable to false if enabled param is false","useExploreTableAutoDisplay","Thu Apr 30 01:00:00 UTC 2026","passed","Thu Apr 30 01:00:00 UTC 2026","","","",""
"","283","should render","Rule Object Select","Thu Apr 30 00:59:37 UTC 2026","passed","Thu Apr 30 00:59:37 UTC 2026","","","",""
"","6","does not request finished jobs if lacking permission","useFinishedJobs","Thu Apr 30 00:58:28 UTC 2026","passed","Thu Apr 30 00:58:28 UTC 2026","","","",""
"Test cases for TestResources_GetAnalysisRequest","0","TestResources_GetAnalysisRequest","","Thu Apr 30 00:55:03 UTC 2026","passed","Thu Apr 30 00:55:03 UTC 2026","","Go Test","github.com/specterops/bloodhound/cmd/api/src/api/v2/TestResources_GetAnalysisRequest","TestResources_GetAnalysisRequest"
"Test cases for TestOpenGraphSchemaService_GetSchemaFindings","1","TestOpenGraphSchemaService_GetSchemaFindings","","Thu Apr 30 00:55:11 UTC 2026","passed","Thu Apr 30 00:55:11 UTC 2026","","Go Test","github.com/specterops/bloodhound/cmd/api/src/services/opengraphschema/TestOpenGraphSchemaService_GetSchemaFindings","TestOpenGraphSchemaService_GetSchemaFindings"
"","298","removes a node from an asset group tag","AssetGroupMenuItem","Thu Apr 30 00:57:50 UTC 2026","passed","Thu Apr 30 00:57:50 UTC 2026","","","",""
"TestMigrator_GenerateManifest tests the full integrity of a Manifest generatedfrom 3 different Source's:1) Correct number of total migrations detected.2) Correct number of versions detected.3) The VersionTable has all versions, in order.4) All versions have the correct number of migrations.5) Schema files generate v0.0.0 migrations.6) Migrations are ordered within each version, in the order the Source was defined.","0","TestMigrator_GenerateManifest","","Thu Apr 30 00:55:05 UTC 2026","passed","Thu Apr 30 00:55:05 UTC 2026","","Go Test","github.com/specterops/bloodhound/cmd/api/src/database/migration/TestMigrator_GenerateManifest","TestMigrator_GenerateManifest"
"Test cases for TestResources_ListSavedQueries","72","TestResources_ListSavedQueries","","Thu Apr 30 00:55:03 UTC 2026","passed","Thu Apr 30 00:55:03 UTC 2026","","Go Test","github.com/specterops/bloodhound/cmd/api/src/api/v2/TestResources_ListSavedQueries","TestResources_ListSavedQueries"
"Test cases for TestBoolSetValid","0","TestBoolSetValid","","Thu Apr 30 00:55:06 UTC 2026","passed","Thu Apr 30 00:55:06 UTC 2026","","Go Test","github.com/specterops/bloodhound/cmd/api/src/database/types/null/TestBoolSetValid","TestBoolSetValid"
"","1","returns a function that can set arrays query params removes previous values set to that array query param","searchParams","Thu Apr 30 00:59:30 UTC 2026","passed","Thu Apr 30 00:59:30 UTC 2026","","setSingleParamFactory","",""
"","4878","Typing in the search bar filters the results","ExploreTable","Thu Apr 30 00:56:05 UTC 2026","passed","Thu Apr 30 00:56:10 UTC 2026","","","",""
"","1754","does not show the ""Disable MFA"" context menu option for users without MFA enabled","Users","Thu Apr 30 00:58:22 UTC 2026","passed","Thu Apr 30 00:58:24 UTC 2026","","","",""
"Test cases for TestResources_GetOUEntityInfo","1","TestResources_GetOUEntityInfo","","Thu Apr 30 00:55:03 UTC 2026","passed","Thu Apr 30 00:55:03 UTC 2026","","Go Test","github.com/specterops/bloodhound/cmd/api/src/api/v2/TestResources_GetOUEntityInfo","TestResources_GetOUEntityInfo"
"Test cases for Test_ValidateGraph","11","Test_ValidateGraph","","Thu Apr 30 00:55:11 UTC 2026","passed","Thu Apr 30 00:55:11 UTC 2026","","Go Test","github.com/specterops/bloodhound/cmd/api/src/services/upload/Test_ValidateGraph","Test_ValidateGraph"
"","80","renders a filter button","FileIngestFilterDialog","Thu Apr 30 00:57:27 UTC 2026","passed","Thu Apr 30 00:57:27 UTC 2026","","","",""
"","2","The data is loading","Getting the text for the disabled item display for a search when there are no results","Thu Apr 30 00:59:23 UTC 2026","passed","Thu Apr 30 00:59:23 UTC 2026","","Loading states","",""
"","502","sets exploreSearchTab param to node when the user clicks the `Search` tab","ExploreSearch sets searchType on tab changing","Thu Apr 30 01:01:33 UTC 2026","passed","Thu Apr 30 01:01:33 UTC 2026","","","",""
"","331","renders analyze now section","AnalyzeNowConfiguration","Thu Apr 30 00:58:13 UTC 2026","passed","Thu Apr 30 00:58:13 UTC 2026","","","",""
"Test cases for TestResources_CancelAnalysisRequest","224","TestResources_CancelAnalysisRequest","","Thu Apr 30 00:55:03 UTC 2026","passed","Thu Apr 30 00:55:03 UTC 2026","","Go Test","github.com/specterops/bloodhound/cmd/api/src/api/v2/TestResources_CancelAnalysisRequest","TestResources_CancelAnalysisRequest"
"Test cases for TestParseIntQueryParameter","126","TestParseIntQueryParameter","","Thu Apr 30 00:55:03 UTC 2026","passed","Thu Apr 30 00:55:03 UTC 2026","","Go Test","github.com/specterops/bloodhound/cmd/api/src/api/v2/TestParseIntQueryParameter","TestParseIntQueryParameter"
"","213","displays appropriate text when there are no matches for search term","SearchCurrentNodes","Thu Apr 30 00:59:08 UTC 2026","passed","Thu Apr 30 00:59:08 UTC 2026","","","",""
"","142","renders count for a selected zone if prop is set","DynamicDetails","Thu Apr 30 00:58:11 UTC 2026","passed","Thu Apr 30 00:58:11 UTC 2026","","","",""
"Test cases for TestResources_ListAuditLogs_InvalidColumn","0","TestResources_ListAuditLogs_InvalidColumn","","Thu Apr 30 00:55:03 UTC 2026","passed","Thu Apr 30 00:55:03 UTC 2026","","Go Test","github.com/specterops/bloodhound/cmd/api/src/api/v2/TestResources_ListAuditLogs_InvalidColumn","TestResources_ListAuditLogs_InvalidColumn"
"Test cases for TestUnmarshalTimeText","0","TestUnmarshalTimeText","","Thu Apr 30 00:55:06 UTC 2026","passed","Thu Apr 30 00:55:06 UTC 2026","","Go Test","github.com/specterops/bloodhound/cmd/api/src/database/types/null/TestUnmarshalTimeText","TestUnmarshalTimeText"
"","0","shows some collection methods for the given job","toCollected","Thu Apr 30 01:00:38 UTC 2026","passed","Thu Apr 30 01:00:38 UTC 2026","","","",""
"Test cases for TestResources_DeleteSavedQuery_DBError","0","TestResources_DeleteSavedQuery_DBError","","Thu Apr 30 00:55:03 UTC 2026","passed","Thu Apr 30 00:55:03 UTC 2026","","Go Test","github.com/specterops/bloodhound/cmd/api/src/api/v2/TestResources_DeleteSavedQuery_DBError","TestResources_DeleteSavedQuery_DBError"
"Test cases for TestResources_GetShortestPath_ETAC","45","TestResources_GetShortestPath_ETAC","","Thu Apr 30 00:55:03 UTC 2026","passed","Thu Apr 30 00:55:03 UTC 2026","","Go Test","github.com/specterops/bloodhound/cmd/api/src/api/v2/TestResources_GetShortestPath_ETAC","TestResources_GetShortestPath_ETAC"
"","564","handles creating a new rule","Rule Form","Thu Apr 30 00:56:27 UTC 2026","passed","Thu Apr 30 00:56:28 UTC 2026","","","",""
"TestManifest_AddMigration tests that migrations are added to the correct locationwithin the migration map and in the correct order.","2","TestManifest_AddMigration","","Thu Apr 30 00:55:05 UTC 2026","passed","Thu Apr 30 00:55:05 UTC 2026","","Go Test","github.com/specterops/bloodhound/cmd/api/src/database/migration/TestManifest_AddMigration","TestManifest_AddMigration"
"Test cases for TestResources_StartIngestJob","139","TestResources_StartIngestJob","","Thu Apr 30 00:55:03 UTC 2026","passed","Thu Apr 30 00:55:03 UTC 2026","","Go Test","github.com/specterops/bloodhound/cmd/api/src/api/v2/TestResources_StartIngestJob","TestResources_StartIngestJob"
"Test cases for TestResources_ListADComputerSQLAdmins","0","TestResources_ListADComputerSQLAdmins","","Thu Apr 30 00:55:03 UTC 2026","passed","Thu Apr 30 00:55:03 UTC 2026","","Go Test","github.com/specterops/bloodhound/cmd/api/src/api/v2/TestResources_ListADComputerSQLAdmins","TestResources_ListADComputerSQLAdmins"
"Test cases for TestDisenrollMFA_Success","1334","TestDisenrollMFA_Success","","Thu Apr 30 00:55:37 UTC 2026","passed","Thu Apr 30 00:55:38 UTC 2026","","Go Test","github.com/specterops/bloodhound/cmd/api/src/api/v2/auth/TestDisenrollMFA_Success","TestDisenrollMFA_Success"
"Test cases for TestGetOrderForNeo4jQuery","0","TestGetOrderForNeo4jQuery","","Thu Apr 30 00:55:28 UTC 2026","passed","Thu Apr 30 00:55:28 UTC 2026","","Go Test","github.com/specterops/bloodhound/cmd/api/src/utils/TestGetOrderForNeo4jQuery","TestGetOrderForNeo4jQuery"
"","493","clears applied filters when clicking the Clear button","Privilege Zones History Filter Dialog","Thu Apr 30 00:58:30 UTC 2026","passed","Thu Apr 30 00:58:30 UTC 2026","","","",""
"","448","accepts a valid file and allows the user to continue through the upload process","File Upload","Thu Apr 30 00:58:33 UTC 2026","passed","Thu Apr 30 00:58:33 UTC 2026","","","",""
"","852","opens a submenu when user hovers over `Copy`","ContextMenu","Thu Apr 30 00:57:36 UTC 2026","passed","Thu Apr 30 00:57:37 UTC 2026","","","",""
"Test cases for TestFoldr","1","TestFoldr","","Thu Apr 30 00:55:42 UTC 2026","passed","Thu Apr 30 00:55:42 UTC 2026","","Go Test","github.com/specterops/bloodhound/packages/go/slicesext/TestFoldr","TestFoldr"
"","408","Selecting an edge with a Computer target node that haslaps is enabled shows correct Windows Abuse text","EdgeInfoContent","Thu Apr 30 00:56:25 UTC 2026","passed","Thu Apr 30 00:56:26 UTC 2026","","","",""
"","74","renders delete buttons for each extension","ActiveExtensionsCard","Thu Apr 30 00:56:25 UTC 2026","passed","Thu Apr 30 00:56:25 UTC 2026","","","",""
"Test cases for TestCORSMiddleware","0","TestCORSMiddleware","","Thu Apr 30 00:54:56 UTC 2026","passed","Thu Apr 30 00:54:56 UTC 2026","","Go Test","github.com/specterops/bloodhound/cmd/api/src/api/middleware/TestCORSMiddleware","TestCORSMiddleware"
"","0","reports an API error when the name for the rule is not unique","handleError","Thu Apr 30 00:57:24 UTC 2026","passed","Thu Apr 30 00:57:24 UTC 2026","","","",""
"","788","Download button opens a menu and selecting ""Visible Columns"" calls json2csv with selected columns only","ExploreTable","Thu Apr 30 00:56:04 UTC 2026","passed","Thu Apr 30 00:56:05 UTC 2026","","","",""
"","88","renders the total count and object counts on success","ObjectCountPanel","Thu Apr 30 01:00:29 UTC 2026","passed","Thu Apr 30 01:00:29 UTC 2026","","","",""
"","54","links to the specified route with global params intact when triggered by a splat route","AppLink","Thu Apr 30 00:59:18 UTC 2026","passed","Thu Apr 30 00:59:19 UTC 2026","","","",""
"Test cases for TestFloatInfNaN","0","TestFloatInfNaN","","Thu Apr 30 00:55:06 UTC 2026","passed","Thu Apr 30 00:55:06 UTC 2026","","Go Test","github.com/specterops/bloodhound/cmd/api/src/database/types/null/TestFloatInfNaN","TestFloatInfNaN"
"","0","returns undefined if graphData is %s or not a GraphResponse","getExploreTableData","Thu Apr 30 00:58:57 UTC 2026","passed","Thu Apr 30 00:58:57 UTC 2026","","","",""
"","1","runs a pathfinding search when the query param is set to ""pathfinding""","useExploreGraph","Thu Apr 30 00:57:08 UTC 2026","passed","Thu Apr 30 00:57:08 UTC 2026","","exploreGraphQueryFactory","",""
"","1","prevents MouseCoords events","preventAllDefaults","Thu Apr 30 01:02:16 UTC 2026","passed","Thu Apr 30 01:02:16 UTC 2026","","","",""
"","0","passes ruleType through optionalParams with empty object","handleError","Thu Apr 30 00:57:24 UTC 2026","passed","Thu Apr 30 00:57:24 UTC 2026","","","",""
"Test cases for TestTracker_HasEdge_DuplicateCalls","0","TestTracker_HasEdge_DuplicateCalls","","Thu Apr 30 00:55:28 UTC 2026","passed","Thu Apr 30 00:55:28 UTC 2026","","Go Test","github.com/specterops/bloodhound/packages/go/analysis/post/TestTracker_HasEdge_DuplicateCalls","TestTracker_HasEdge_DuplicateCalls"
"","1","takes updatedParams and current URLSearchParams and returns a function","searchParams","Thu Apr 30 00:59:30 UTC 2026","passed","Thu Apr 30 00:59:30 UTC 2026","","setSingleParamFactory","",""
"Test cases for TestResources_ListADDomainInboundTrusts","0","TestResources_ListADDomainInboundTrusts","","Thu Apr 30 00:55:03 UTC 2026","passed","Thu Apr 30 00:55:03 UTC 2026","","Go Test","github.com/specterops/bloodhound/cmd/api/src/api/v2/TestResources_ListADDomainInboundTrusts","TestResources_ListADDomainInboundTrusts"
"Test cases for TestTypes_Scan_Success","0","TestTypes_Scan_Success","","Thu Apr 30 00:55:06 UTC 2026","passed","Thu Apr 30 00:55:06 UTC 2026","","Go Test","github.com/specterops/bloodhound/cmd/api/src/database/types/TestTypes_Scan_Success","TestTypes_Scan_Success"
"","1515","handles delete by nested graph data selection","DatabaseManagement","Thu Apr 30 01:01:39 UTC 2026","passed","Thu Apr 30 01:01:40 UTC 2026","","","",""
"Test cases for TestResources_UpdateSavedQuery_InvalidID","0","TestResources_UpdateSavedQuery_InvalidID","","Thu Apr 30 00:55:03 UTC 2026","passed","Thu Apr 30 00:55:03 UTC 2026","","Go Test","github.com/specterops/bloodhound/cmd/api/src/api/v2/TestResources_UpdateSavedQuery_InvalidID","TestResources_UpdateSavedQuery_InvalidID"
"","555","displays correct content based on platform filter Azure","CommonSearches","Thu Apr 30 00:57:45 UTC 2026","passed","Thu Apr 30 00:57:46 UTC 2026","","","",""
"Test cases for TestQueries_GetEntityObjectIDFromRequestPath","0","TestQueries_GetEntityObjectIDFromRequestPath","","Thu Apr 30 00:55:08 UTC 2026","passed","Thu Apr 30 00:55:08 UTC 2026","","Go Test","github.com/specterops/bloodhound/cmd/api/src/queries/TestQueries_GetEntityObjectIDFromRequestPath","TestQueries_GetEntityObjectIDFromRequestPath"
"Test cases for TestHasValidRolesForETAC","1","TestHasValidRolesForETAC","","Thu Apr 30 00:55:03 UTC 2026","passed","Thu Apr 30 00:55:03 UTC 2026","","Go Test","github.com/specterops/bloodhound/cmd/api/src/api/v2/auth/TestHasValidRolesForETAC","TestHasValidRolesForETAC"
"","192","invokes handleFilterChange with eq:false when clicked and custom_member filter is on","AssetGroupEdit","Thu Apr 30 00:57:55 UTC 2026","passed","Thu Apr 30 00:57:56 UTC 2026","","Custom Member checkbox filter","",""
"Test cases for TestMarshalInt","0","TestMarshalInt","","Thu Apr 30 00:55:06 UTC 2026","passed","Thu Apr 30 00:55:06 UTC 2026","","Go Test","github.com/specterops/bloodhound/cmd/api/src/database/types/null/TestMarshalInt","TestMarshalInt"
"","4","handles ISO 8601 formatted date strings and converts it into our standard date display format","Formatting string properties","Thu Apr 30 00:57:49 UTC 2026","passed","Thu Apr 30 00:57:49 UTC 2026","","","",""
"Test cases for TestSeekToKey","0","TestSeekToKey","","Thu Apr 30 00:55:11 UTC 2026","passed","Thu Apr 30 00:55:11 UTC 2026","","Go Test","github.com/specterops/bloodhound/cmd/api/src/services/graphify/TestSeekToKey","TestSeekToKey"
"Test cases for TestResources_GetSearchResult","1","TestResources_GetSearchResult","","Thu Apr 30 00:55:03 UTC 2026","passed","Thu Apr 30 00:55:03 UTC 2026","","Go Test","github.com/specterops/bloodhound/cmd/api/src/api/v2/TestResources_GetSearchResult","TestResources_GetSearchResult"
"Test cases for TestReadDomainIDandNameAsString","0","TestReadDomainIDandNameAsString","","Thu Apr 30 00:55:28 UTC 2026","passed","Thu Apr 30 00:55:28 UTC 2026","","Go Test","github.com/specterops/bloodhound/packages/go/analysis/ad/internal/nodeprops/TestReadDomainIDandNameAsString","TestReadDomainIDandNameAsString"
"","166","does not make feature-flag request if user is not fully authenticated","app","Thu Apr 30 01:02:02 UTC 2026","passed","Thu Apr 30 01:02:02 UTC 2026","","<Inner />","",""
"","0","reports a Cypher-specific error when ruleType is SeedTypeCypher and seeds are required","handleError","Thu Apr 30 00:57:24 UTC 2026","passed","Thu Apr 30 00:57:24 UTC 2026","","","",""
"Test cases for TestContextMiddleware","0","TestContextMiddleware","","Thu Apr 30 00:54:56 UTC 2026","passed","Thu Apr 30 00:54:56 UTC 2026","","Go Test","github.com/specterops/bloodhound/cmd/api/src/api/middleware/TestContextMiddleware","TestContextMiddleware"
"","2","runs a node search when the query param is set to ""node""","useExploreGraph","Thu Apr 30 00:57:08 UTC 2026","passed","Thu Apr 30 00:57:08 UTC 2026","","exploreGraphQueryFactory","",""
"","576","renders a list of asset group members","GroupManagement","Thu Apr 30 01:01:54 UTC 2026","passed","Thu Apr 30 01:01:55 UTC 2026","","","",""
"Test cases for TestPasswordValidator","0","TestPasswordValidator","","Thu Apr 30 00:55:28 UTC 2026","passed","Thu Apr 30 00:55:28 UTC 2026","","Go Test","github.com/specterops/bloodhound/cmd/api/src/utils/validation/TestPasswordValidator","TestPasswordValidator"
"","13","returns early if there are no 'collected' environments","useInitialEnvironment","Thu Apr 30 00:59:57 UTC 2026","passed","Thu Apr 30 00:59:57 UTC 2026","","","",""
"","79","should display the logged in user's full name","UserProfile","Thu Apr 30 00:58:07 UTC 2026","passed","Thu Apr 30 00:58:07 UTC 2026","","","",""
"Test cases for TestResources_GetAssetGroupSelectorMemberCountsByKind","18","TestResources_GetAssetGroupSelectorMemberCountsByKind","","Thu Apr 30 00:55:03 UTC 2026","passed","Thu Apr 30 00:55:03 UTC 2026","","Go Test","github.com/specterops/bloodhound/cmd/api/src/api/v2/TestResources_GetAssetGroupSelectorMemberCountsByKind","TestResources_GetAssetGroupSelectorMemberCountsByKind"
"","5","returns the remaining amount of zones available for creation","useTagLimits","Thu Apr 30 00:56:35 UTC 2026","passed","Thu Apr 30 00:56:35 UTC 2026","","","",""
"Test cases for TestResources_ListAuditLogs","0","TestResources_ListAuditLogs","","Thu Apr 30 00:55:03 UTC 2026","passed","Thu Apr 30 00:55:03 UTC 2026","","Go Test","github.com/specterops/bloodhound/cmd/api/src/api/v2/TestResources_ListAuditLogs","TestResources_ListAuditLogs"
"Test cases for TestManagementResource_ListSAMLProviders","5","TestManagementResource_ListSAMLProviders","","Thu Apr 30 00:55:48 UTC 2026","passed","Thu Apr 30 00:55:48 UTC 2026","","Go Test","github.com/specterops/bloodhound/cmd/api/src/api/v2/auth/TestManagementResource_ListSAMLProviders","TestManagementResource_ListSAMLProviders"
"Test cases for TestResources_ListAssetGroupCollections","4","TestResources_ListAssetGroupCollections","","Thu Apr 30 00:55:03 UTC 2026","passed","Thu Apr 30 00:55:03 UTC 2026","","Go Test","github.com/specterops/bloodhound/cmd/api/src/api/v2/TestResources_ListAssetGroupCollections","TestResources_ListAssetGroupCollections"
"","450","should render","PasswordResetForm","Thu Apr 30 00:58:38 UTC 2026","passed","Thu Apr 30 00:58:38 UTC 2026","","","",""
"","1058","shows a warning for using labels associated with tags in zone forms","Rule Form","Thu Apr 30 00:56:28 UTC 2026","passed","Thu Apr 30 00:56:29 UTC 2026","","","",""
"Test cases for TestConvertAzureResourceGroupContributorToRels","1","TestConvertAzureResourceGroupContributorToRels","","Thu Apr 30 00:55:29 UTC 2026","passed","Thu Apr 30 00:55:29 UTC 2026","","Go Test","github.com/specterops/bloodhound/packages/go/ein/TestConvertAzureResourceGroupContributorToRels","TestConvertAzureResourceGroupContributorToRels"
"","257","handles removing from a non-tier-zero asset group","AssetGroupMenuItem","Thu Apr 30 01:01:32 UTC 2026","passed","Thu Apr 30 01:01:33 UTC 2026","","removing from an asset group","",""
"","1407","shows an error message when unable to delete a rule","Rule Form","Thu Apr 30 00:56:24 UTC 2026","passed","Thu Apr 30 00:56:26 UTC 2026","","","",""
"Test cases for TestNodeNamePrefix_AppendSuffix","0","TestNodeNamePrefix_AppendSuffix","","Thu Apr 30 00:55:28 UTC 2026","passed","Thu Apr 30 00:55:28 UTC 2026","","Go Test","github.com/specterops/bloodhound/packages/go/analysis/ad/wellknown/TestNodeNamePrefix_AppendSuffix","TestNodeNamePrefix_AppendSuffix"
"Test cases for TestManagementResource_SAMLLoginRedirect","5","TestManagementResource_SAMLLoginRedirect","","Thu Apr 30 00:55:48 UTC 2026","passed","Thu Apr 30 00:55:48 UTC 2026","","Go Test","github.com/specterops/bloodhound/cmd/api/src/api/v2/auth/TestManagementResource_SAMLLoginRedirect","TestManagementResource_SAMLLoginRedirect"
"Test cases for TestURLJoinPathNoPrefix","0","TestURLJoinPathNoPrefix","","Thu Apr 30 00:54:53 UTC 2026","passed","Thu Apr 30 00:54:53 UTC 2026","","Go Test","github.com/specterops/bloodhound/cmd/api/src/api/TestURLJoinPathNoPrefix","TestURLJoinPathNoPrefix"
"","0","returns false if arrays have different elements","areArraysSimilar","Thu Apr 30 01:00:42 UTC 2026","passed","Thu Apr 30 01:00:42 UTC 2026","","","",""
"","0","No type was provided and no results were available","Getting the text for the disabled item display for a search when there are no results","Thu Apr 30 00:59:23 UTC 2026","passed","Thu Apr 30 00:59:23 UTC 2026","","Empty data states","",""
"","5","calls the provided notification method","handleError","Thu Apr 30 00:57:24 UTC 2026","passed","Thu Apr 30 00:57:24 UTC 2026","","","",""
"Test cases for TestCache_Get","0","TestCache_Get","","Thu Apr 30 00:55:29 UTC 2026","passed","Thu Apr 30 00:55:29 UTC 2026","","Go Test","github.com/specterops/bloodhound/packages/go/cache/TestCache_Get","TestCache_Get"
"Test cases for TestRequestWaitDuration_Failure","0","TestRequestWaitDuration_Failure","","Thu Apr 30 00:54:56 UTC 2026","passed","Thu Apr 30 00:54:56 UTC 2026","","Go Test","github.com/specterops/bloodhound/cmd/api/src/api/middleware/TestRequestWaitDuration_Failure","TestRequestWaitDuration_Failure"
"","1","filters by multiple platforms","filterAndSearchEnvironments","Thu Apr 30 00:56:19 UTC 2026","passed","Thu Apr 30 00:56:19 UTC 2026","","platform filters","",""
"Test cases for Test_GetAssetGroupMembersByTag","0","Test_GetAssetGroupMembersByTag","","Thu Apr 30 00:55:03 UTC 2026","passed","Thu Apr 30 00:55:03 UTC 2026","","Go Test","github.com/specterops/bloodhound/cmd/api/src/api/v2/Test_GetAssetGroupMembersByTag","Test_GetAssetGroupMembersByTag"
"","274","displays expected results when searching by label","SearchCurrentNodes","Thu Apr 30 00:59:08 UTC 2026","passed","Thu Apr 30 00:59:08 UTC 2026","","","",""
"Test cases for TestManagementResource_ListAuthTokens_UserIDFilter","0","TestManagementResource_ListAuthTokens_UserIDFilter","","Thu Apr 30 00:55:33 UTC 2026","passed","Thu Apr 30 00:55:33 UTC 2026","","Go Test","github.com/specterops/bloodhound/cmd/api/src/api/v2/auth/TestManagementResource_ListAuthTokens_UserIDFilter","TestManagementResource_ListAuthTokens_UserIDFilter"
"","448","should display ""Generate/Revoke API Tokens"" title","UserTokenManagementDialog","Thu Apr 30 00:57:32 UTC 2026","passed","Thu Apr 30 00:57:32 UTC 2026","","","",""
"","279","should not display generate/revoke api tokens button","Api Keys","Thu Apr 30 00:59:35 UTC 2026","passed","Thu Apr 30 00:59:36 UTC 2026","","","",""
"","0","returns empty array when search does not match any environment","filterAndSearchEnvironments","Thu Apr 30 00:56:19 UTC 2026","passed","Thu Apr 30 00:56:19 UTC 2026","","search filter","",""
"Test cases for TestGetSkipParamForGraphQuery","0","TestGetSkipParamForGraphQuery","","Thu Apr 30 00:55:28 UTC 2026","passed","Thu Apr 30 00:55:28 UTC 2026","","Go Test","github.com/specterops/bloodhound/cmd/api/src/utils/TestGetSkipParamForGraphQuery","TestGetSkipParamForGraphQuery"
"","1792","shows the ""Disable MFA"" context menu option for users with MFA enabled","Users","Thu Apr 30 00:58:24 UTC 2026","passed","Thu Apr 30 00:58:26 UTC 2026","","","",""
"Test cases for TestIntIsZero","0","TestIntIsZero","","Thu Apr 30 00:55:06 UTC 2026","passed","Thu Apr 30 00:55:06 UTC 2026","","Go Test","github.com/specterops/bloodhound/cmd/api/src/database/types/null/TestIntIsZero","TestIntIsZero"
"Test cases for TestUnique","0","TestUnique","","Thu Apr 30 00:55:42 UTC 2026","passed","Thu Apr 30 00:55:42 UTC 2026","","Go Test","github.com/specterops/bloodhound/packages/go/slicesext/TestUnique","TestUnique"
"","212","renders Zone as first tab and is also the initially selected on first render in Zone View/Tab","Selected Details Tabs","Thu Apr 30 00:58:21 UTC 2026","passed","Thu Apr 30 00:58:21 UTC 2026","","Selected Details Tabs - Params present","",""
"Test cases for TestFloatSetValid","0","TestFloatSetValid","","Thu Apr 30 00:55:06 UTC 2026","passed","Thu Apr 30 00:55:06 UTC 2026","","Go Test","github.com/specterops/bloodhound/cmd/api/src/database/types/null/TestFloatSetValid","TestFloatSetValid"
"Test cases for TestResources_UpdateAssetGroupSelectors_PayloadError","0","TestResources_UpdateAssetGroupSelectors_PayloadError","","Thu Apr 30 00:55:03 UTC 2026","passed","Thu Apr 30 00:55:03 UTC 2026","","Go Test","github.com/specterops/bloodhound/cmd/api/src/api/v2/TestResources_UpdateAssetGroupSelectors_PayloadError","TestResources_UpdateAssetGroupSelectors_PayloadError"
"","1015","open and closes dialog","DatabaseManagement","Thu Apr 30 01:01:34 UTC 2026","passed","Thu Apr 30 01:01:35 UTC 2026","","","",""
"","524","when an `inputValue` is provided it eventually displays a list of search results","ExploreSearchCombobox","Thu Apr 30 00:57:55 UTC 2026","passed","Thu Apr 30 00:57:55 UTC 2026","","","",""
"","0","should handle an entity that has an empty name property","Evaluating the entity display name from a given entity","Thu Apr 30 00:57:49 UTC 2026","passed","Thu Apr 30 00:57:49 UTC 2026","","","",""
"Test cases for TestResources_ListADComputerRDPUsers","1","TestResources_ListADComputerRDPUsers","","Thu Apr 30 00:55:03 UTC 2026","passed","Thu Apr 30 00:55:03 UTC 2026","","Go Test","github.com/specterops/bloodhound/cmd/api/src/api/v2/TestResources_ListADComputerRDPUsers","TestResources_ListADComputerRDPUsers"
"","0","should return an object denoting that the property is not in the schema when it is unrecognized","validating a node property against the shared generated schema","Thu Apr 30 00:57:49 UTC 2026","passed","Thu Apr 30 00:57:49 UTC 2026","","","",""
"","236","Hides selector information if additionalSections is false","EntityInfoDataTableList","Thu Apr 30 00:59:04 UTC 2026","passed","Thu Apr 30 00:59:04 UTC 2026","","","",""
"Test cases for TestCreateUser_Failure","4","TestCreateUser_Failure","","Thu Apr 30 00:55:09 UTC 2026","passed","Thu Apr 30 00:55:09 UTC 2026","","Go Test","github.com/specterops/bloodhound/cmd/api/src/api/v2/auth/TestCreateUser_Failure","TestCreateUser_Failure"
"Test cases for TestResources_ListADEntityControllers","0","TestResources_ListADEntityControllers","","Thu Apr 30 00:55:03 UTC 2026","passed","Thu Apr 30 00:55:03 UTC 2026","","Go Test","github.com/specterops/bloodhound/cmd/api/src/api/v2/TestResources_ListADEntityControllers","TestResources_ListADEntityControllers"
"","6197","filter selections are rolled back if user closes modal with the cancel button","EdgeFilter","Thu Apr 30 00:58:46 UTC 2026","passed","Thu Apr 30 00:58:52 UTC 2026","","","",""
"","35","renders a preview version by default","PrivilegeZonesCypherEditor Search component for Zone Management","Thu Apr 30 01:00:02 UTC 2026","passed","Thu Apr 30 01:00:02 UTC 2026","","","",""
"","688","should display all available roles","CreateUserDialog","Thu Apr 30 00:56:41 UTC 2026","passed","Thu Apr 30 00:56:42 UTC 2026","","","",""
"Test cases for TestResources_DeleteSavedQuery","0","TestResources_DeleteSavedQuery","","Thu Apr 30 00:55:03 UTC 2026","passed","Thu Apr 30 00:55:03 UTC 2026","","Go Test","github.com/specterops/bloodhound/cmd/api/src/api/v2/TestResources_DeleteSavedQuery","TestResources_DeleteSavedQuery"
"Test cases for TestInt64FromPtr","0","TestInt64FromPtr","","Thu Apr 30 00:55:06 UTC 2026","passed","Thu Apr 30 00:55:06 UTC 2026","","Go Test","github.com/specterops/bloodhound/cmd/api/src/database/types/null/TestInt64FromPtr","TestInt64FromPtr"
"","0","returns null if paramValue is ''","useEnvironmentParams","Thu Apr 30 01:01:02 UTC 2026","passed","Thu Apr 30 01:01:02 UTC 2026","","parseEnvironmentAggregation","",""
"","67","displays a warning when there is a problem fetching the list of collectors","DownloadCollectors","Thu Apr 30 01:01:41 UTC 2026","passed","Thu Apr 30 01:01:41 UTC 2026","","","",""
"","1","filters by active-directory platform","filterAndSearchEnvironments","Thu Apr 30 00:56:19 UTC 2026","passed","Thu Apr 30 00:56:19 UTC 2026","","platform filters","",""
"Test cases for TestMarshalIntText","0","TestMarshalIntText","","Thu Apr 30 00:55:06 UTC 2026","passed","Thu Apr 30 00:55:06 UTC 2026","","Go Test","github.com/specterops/bloodhound/cmd/api/src/database/types/null/TestMarshalIntText","TestMarshalIntText"
"Test cases for TestResources_UpdateSavedQuery_ErrorFetchingPublicStatus","0","TestResources_UpdateSavedQuery_ErrorFetchingPublicStatus","","Thu Apr 30 00:55:03 UTC 2026","passed","Thu Apr 30 00:55:03 UTC 2026","","Go Test","github.com/specterops/bloodhound/cmd/api/src/api/v2/TestResources_UpdateSavedQuery_ErrorFetchingPublicStatus","TestResources_UpdateSavedQuery_ErrorFetchingPublicStatus"
"Test cases for TestResources_ShareSavedQueriesPermissions_NonAdmin","3","TestResources_ShareSavedQueriesPermissions_NonAdmin","","Thu Apr 30 00:55:03 UTC 2026","passed","Thu Apr 30 00:55:03 UTC 2026","","Go Test","github.com/specterops/bloodhound/cmd/api/src/api/v2/TestResources_ShareSavedQueriesPermissions_NonAdmin","TestResources_ShareSavedQueriesPermissions_NonAdmin"
"","22","returns numbers as strings","numberFormatting","Thu Apr 30 00:58:55 UTC 2026","passed","Thu Apr 30 00:58:55 UTC 2026","","","",""
"Test cases for TestConvertDomainToNode_DomainInvalidProperties","0","TestConvertDomainToNode_DomainInvalidProperties","","Thu Apr 30 00:55:29 UTC 2026","passed","Thu Apr 30 00:55:29 UTC 2026","","Go Test","github.com/specterops/bloodhound/packages/go/ein/TestConvertDomainToNode_DomainInvalidProperties","TestConvertDomainToNode_DomainInvalidProperties"
"","18","renders an error fallback when flag is not found","FeatureFlag","Thu Apr 30 00:59:57 UTC 2026","passed","Thu Apr 30 00:59:57 UTC 2026","","","",""
"","0","returns a function that does not update searchParams if a key is not found in the updatedParams","searchParams","Thu Apr 30 00:59:30 UTC 2026","passed","Thu Apr 30 00:59:30 UTC 2026","","setSingleParamFactory","",""
"","286","toggles sort order when clicking sortable header","RulesAccordion","Thu Apr 30 00:59:02 UTC 2026","passed","Thu Apr 30 00:59:03 UTC 2026","","","",""
"Test cases for TestRandomDurationBetween","14","TestRandomDurationBetween","","Thu Apr 30 00:55:04 UTC 2026","passed","Thu Apr 30 00:55:04 UTC 2026","","Go Test","github.com/specterops/bloodhound/cmd/api/src/daemons/datapipe/TestRandomDurationBetween","TestRandomDurationBetween"
"Test cases for Test_validateGraphExtension","2","Test_validateGraphExtension","","Thu Apr 30 00:55:11 UTC 2026","passed","Thu Apr 30 00:55:11 UTC 2026","","Go Test","github.com/specterops/bloodhound/cmd/api/src/services/opengraphschema/Test_validateGraphExtension","Test_validateGraphExtension"
"","588","adds node to asset group tag with confirmation","AssetGroupMenuItem","Thu Apr 30 00:57:49 UTC 2026","passed","Thu Apr 30 00:57:50 UTC 2026","","","",""
"","33","upon selecting just a destination node, updates the URL with a searchType of 'node' and secondarySearch of the node's objectid","usePathfindingSearch","Thu Apr 30 00:58:33 UTC 2026","passed","Thu Apr 30 00:58:34 UTC 2026","","","",""
"Test cases for TestStringScan","0","TestStringScan","","Thu Apr 30 00:55:06 UTC 2026","passed","Thu Apr 30 00:55:06 UTC 2026","","Go Test","github.com/specterops/bloodhound/cmd/api/src/database/types/null/TestStringScan","TestStringScan"
"","1","combines all filter types","filterAndSearchEnvironments","Thu Apr 30 00:56:19 UTC 2026","passed","Thu Apr 30 00:56:19 UTC 2026","","combined filters","",""
"","1398","should render","EdgeInfoHeader","Thu Apr 30 00:59:40 UTC 2026","passed","Thu Apr 30 00:59:41 UTC 2026","","","",""
"Test cases for TestActivateMFA_Failure","648","TestActivateMFA_Failure","","Thu Apr 30 00:55:46 UTC 2026","passed","Thu Apr 30 00:55:47 UTC 2026","","Go Test","github.com/specterops/bloodhound/cmd/api/src/api/v2/auth/TestActivateMFA_Failure","TestActivateMFA_Failure"
"","8","does not render highlight for non-active tag","SelectedHighlight","Thu Apr 30 01:00:09 UTC 2026","passed","Thu Apr 30 01:00:09 UTC 2026","","","",""
"Test cases for TestResources_DownloadCollectorChecksumByVersion","6","TestResources_DownloadCollectorChecksumByVersion","","Thu Apr 30 00:55:03 UTC 2026","passed","Thu Apr 30 00:55:03 UTC 2026","","Go Test","github.com/specterops/bloodhound/cmd/api/src/api/v2/TestResources_DownloadCollectorChecksumByVersion","TestResources_DownloadCollectorChecksumByVersion"
"Test cases for TestDummyHA","0","TestDummyHA","","Thu Apr 30 00:55:04 UTC 2026","passed","Thu Apr 30 00:55:04 UTC 2026","","Go Test","github.com/specterops/bloodhound/cmd/api/src/daemons/changelog/TestDummyHA","TestDummyHA"
"Test cases for TestCopyMatchExpressionsSorted","0","TestCopyMatchExpressionsSorted","","Thu Apr 30 00:55:11 UTC 2026","passed","Thu Apr 30 00:55:11 UTC 2026","","Go Test","github.com/specterops/bloodhound/cmd/api/src/services/graphify/endpoint/TestCopyMatchExpressionsSorted","TestCopyMatchExpressionsSorted"
"Test cases for TestManagementResource_ListPermissions","0","TestManagementResource_ListPermissions","","Thu Apr 30 00:55:09 UTC 2026","passed","Thu Apr 30 00:55:09 UTC 2026","","Go Test","github.com/specterops/bloodhound/cmd/api/src/api/v2/auth/TestManagementResource_ListPermissions","TestManagementResource_ListPermissions"
"Test cases for TestHandleDatabaseErrorNotFound","0","TestHandleDatabaseErrorNotFound","","Thu Apr 30 00:54:53 UTC 2026","passed","Thu Apr 30 00:54:53 UTC 2026","","Go Test","github.com/specterops/bloodhound/cmd/api/src/api/TestHandleDatabaseErrorNotFound","TestHandleDatabaseErrorNotFound"
"Test cases for TestLoginFailure","0","TestLoginFailure","","Thu Apr 30 00:55:03 UTC 2026","passed","Thu Apr 30 00:55:03 UTC 2026","","Go Test","github.com/specterops/bloodhound/cmd/api/src/api/v2/auth/TestLoginFailure","TestLoginFailure"
"","133","should display the logged in user's email address","UserProfile","Thu Apr 30 00:58:07 UTC 2026","passed","Thu Apr 30 00:58:07 UTC 2026","","","",""
"","2","returns the node_keys from the graphData with duplicate keys removed and known keys added","getExploreTableData","Thu Apr 30 00:58:57 UTC 2026","passed","Thu Apr 30 00:58:57 UTC 2026","","","",""
"","7","should not render a Field when the provided value is """"","Field","Thu Apr 30 01:00:32 UTC 2026","passed","Thu Apr 30 01:00:32 UTC 2026","","","",""
"Test cases for TestManagementResource_DeleteOIDCProvider","1","TestManagementResource_DeleteOIDCProvider","","Thu Apr 30 00:55:48 UTC 2026","passed","Thu Apr 30 00:55:48 UTC 2026","","Go Test","github.com/specterops/bloodhound/cmd/api/src/api/v2/auth/TestManagementResource_DeleteOIDCProvider","TestManagementResource_DeleteOIDCProvider"
"Test cases for Test_getSearchableNodeKinds","7","Test_getSearchableNodeKinds","","Thu Apr 30 00:55:03 UTC 2026","passed","Thu Apr 30 00:55:03 UTC 2026","","Go Test","github.com/specterops/bloodhound/cmd/api/src/api/v2/Test_getSearchableNodeKinds","Test_getSearchableNodeKinds"
"Test cases for TestResources_UpdateAssetGroup","0","TestResources_UpdateAssetGroup","","Thu Apr 30 00:55:03 UTC 2026","passed","Thu Apr 30 00:55:03 UTC 2026","","Go Test","github.com/specterops/bloodhound/cmd/api/src/api/v2/TestResources_UpdateAssetGroup","TestResources_UpdateAssetGroup"
"","7","renders the ZoneSelector when available and on a Zone page","TagSelector","Thu Apr 30 00:59:15 UTC 2026","passed","Thu Apr 30 00:59:15 UTC 2026","","","",""
"Test cases for TestManagementResource_OIDCLoginHandler","6","TestManagementResource_OIDCLoginHandler","","Thu Apr 30 00:55:48 UTC 2026","passed","Thu Apr 30 00:55:48 UTC 2026","","Go Test","github.com/specterops/bloodhound/cmd/api/src/api/v2/auth/TestManagementResource_OIDCLoginHandler","TestManagementResource_OIDCLoginHandler"
"","2","stores a boolean value in localStorage","useLocalStorage","Thu Apr 30 00:58:13 UTC 2026","passed","Thu Apr 30 00:58:13 UTC 2026","","setValue","",""
"","1162","a cypher search 404 does not render the GraphViewErrorAlert","GraphView","Thu Apr 30 01:01:48 UTC 2026","passed","Thu Apr 30 01:01:49 UTC 2026","","","",""
"Test cases for TestBuildErrorResponseConflict","0","TestBuildErrorResponseConflict","","Thu Apr 30 00:54:53 UTC 2026","passed","Thu Apr 30 00:54:53 UTC 2026","","Go Test","github.com/specterops/bloodhound/cmd/api/src/api/TestBuildErrorResponseConflict","TestBuildErrorResponseConflict"
"","2","returns undefined for headers when db config timeout limit setting is disabled and state of is disable query limit is false","useExploreGraph","Thu Apr 30 00:57:08 UTC 2026","passed","Thu Apr 30 00:57:08 UTC 2026","userSettings","exploreGraphQueryFactory","",""
"Test cases for TestTypes_Scan_InvalidInput","0","TestTypes_Scan_InvalidInput","","Thu Apr 30 00:55:06 UTC 2026","passed","Thu Apr 30 00:55:06 UTC 2026","","Go Test","github.com/specterops/bloodhound/cmd/api/src/database/types/TestTypes_Scan_InvalidInput","TestTypes_Scan_InvalidInput"
"","0","should ignore case when filtering","compareTerm","Thu Apr 30 01:00:02 UTC 2026","passed","Thu Apr 30 01:00:02 UTC 2026","","","",""
"Test cases for TestResources_DeleteSavedQuery_NotPublicQueryAndUserIsAdmin","0","TestResources_DeleteSavedQuery_NotPublicQueryAndUserIsAdmin","","Thu Apr 30 00:55:03 UTC 2026","passed","Thu Apr 30 00:55:03 UTC 2026","","Go Test","github.com/specterops/bloodhound/cmd/api/src/api/v2/TestResources_DeleteSavedQuery_NotPublicQueryAndUserIsAdmin","TestResources_DeleteSavedQuery_NotPublicQueryAndUserIsAdmin"
"","2746","when user performs a pathfinding search, the swap button is disabled until both the start and destination nodes are provided","Pathfinding: interaction","Thu Apr 30 00:58:18 UTC 2026","passed","Thu Apr 30 00:58:20 UTC 2026","","","",""
"","197","opens the dialog when the button is clicked","SchemaUploadDialog","Thu Apr 30 00:57:20 UTC 2026","passed","Thu Apr 30 00:57:20 UTC 2026","","","",""
"Test cases for TestDatabase_checkError_NotFound","0","TestDatabase_checkError_NotFound","","Thu Apr 30 00:55:05 UTC 2026","passed","Thu Apr 30 00:55:05 UTC 2026","","Go Test","github.com/specterops/bloodhound/cmd/api/src/database/TestDatabase_checkError_NotFound","TestDatabase_checkError_NotFound"
"Test cases for TestSetFontIcon","0","TestSetFontIcon","","Thu Apr 30 00:54:53 UTC 2026","passed","Thu Apr 30 00:54:53 UTC 2026","","Go Test","github.com/specterops/bloodhound/cmd/api/src/api/bloodhoundgraph/TestSetFontIcon","TestSetFontIcon"
"","1","filters by name search (case insensitive)","filterAndSearchEnvironments","Thu Apr 30 00:56:19 UTC 2026","passed","Thu Apr 30 00:56:19 UTC 2026","","search filter","",""
"","416","should render","OneTimePasscodeForm","Thu Apr 30 01:00:16 UTC 2026","passed","Thu Apr 30 01:00:16 UTC 2026","","","",""
"Test cases for TestResources_DeleteSavedQuery_DeleteError","0","TestResources_DeleteSavedQuery_DeleteError","","Thu Apr 30 00:55:03 UTC 2026","passed","Thu Apr 30 00:55:03 UTC 2026","","Go Test","github.com/specterops/bloodhound/cmd/api/src/api/v2/TestResources_DeleteSavedQuery_DeleteError","TestResources_DeleteSavedQuery_DeleteError"
"Test cases for Test_NewSpec","0","Test_NewSpec","","Thu Apr 30 00:55:30 UTC 2026","passed","Thu Apr 30 00:55:30 UTC 2026","","Go Test","github.com/specterops/bloodhound/packages/go/lab/Test_NewSpec","Test_NewSpec"
"","0","returns false for arrays with different object references","areArraysSimilar","Thu Apr 30 01:00:42 UTC 2026","passed","Thu Apr 30 01:00:42 UTC 2026","","","",""
"","3758","edges are displayed in alphabetical order","Pathfinding","Thu Apr 30 00:57:16 UTC 2026","passed","Thu Apr 30 00:57:19 UTC 2026","","","",""
"","1","pwdlastset","Handling value formatting for Active Directory entity properties lastlogon, lastlogontimestamp, whencreated, and pwdlastset","Thu Apr 30 00:57:49 UTC 2026","passed","Thu Apr 30 00:57:49 UTC 2026","","","",""
"","27","should highlight main nav route when navigating to child route","Main Nav Route Highlighting","Thu Apr 30 00:58:13 UTC 2026","passed","Thu Apr 30 00:58:13 UTC 2026","","","",""
"","9","adds expected text alignment class depending on the textAlign prop","ColumnHeaders","Thu Apr 30 00:58:52 UTC 2026","passed","Thu Apr 30 00:58:52 UTC 2026","","BaseColumnHeader","",""
"","7","optionally allows the consumer to pass a query to performSearch() and adds that query to the url","useCypherSearch","Thu Apr 30 01:00:36 UTC 2026","passed","Thu Apr 30 01:00:36 UTC 2026","","","",""
"","68","tag members refetches on sort change","the useAssetGroupTags utilities","Thu Apr 30 00:57:38 UTC 2026","passed","Thu Apr 30 00:57:38 UTC 2026","","","",""
"Test cases for TestNewSIDSuffix","0","TestNewSIDSuffix","","Thu Apr 30 00:55:28 UTC 2026","passed","Thu Apr 30 00:55:28 UTC 2026","","Go Test","github.com/specterops/bloodhound/packages/go/analysis/ad/wellknown/TestNewSIDSuffix","TestNewSIDSuffix"
"","85","disables the upload file button when the user does not have the opengraph write permission","SchemaUploadDialog","Thu Apr 30 00:57:20 UTC 2026","passed","Thu Apr 30 00:57:20 UTC 2026","","","",""
"Test cases for TestHasSequence","3","TestHasSequence","","Thu Apr 30 00:55:29 UTC 2026","passed","Thu Apr 30 00:55:29 UTC 2026","","Go Test","github.com/specterops/bloodhound/packages/go/bomenc/TestHasSequence","TestHasSequence"
"","182","shows Popper when isCurrentSearchOpen is true","GraphControls","Thu Apr 30 00:57:21 UTC 2026","passed","Thu Apr 30 00:57:21 UTC 2026","","Searching current results","",""
"Test cases for TestFloatFromPtr","0","TestFloatFromPtr","","Thu Apr 30 00:55:06 UTC 2026","passed","Thu Apr 30 00:55:06 UTC 2026","","Go Test","github.com/specterops/bloodhound/cmd/api/src/database/types/null/TestFloatFromPtr","TestFloatFromPtr"
"","1636","search highlights matching substring with text-link class","Pathfinding","Thu Apr 30 00:57:09 UTC 2026","passed","Thu Apr 30 00:57:10 UTC 2026","","","",""
"","78","clicking cancel on the form takes the user back to the page the user was on previously","Tag Form","Thu Apr 30 00:56:06 UTC 2026","passed","Thu Apr 30 00:56:06 UTC 2026","","","",""
"","42","displays security warning","Enable2FADialog","Thu Apr 30 00:59:42 UTC 2026","passed","Thu Apr 30 00:59:42 UTC 2026","","","",""
"","2","receives the current stored value as the previous state","useLocalStorage","Thu Apr 30 00:58:13 UTC 2026","passed","Thu Apr 30 00:58:13 UTC 2026","","functional updater","",""
"","45","displays contact admin message when hidden edge is true","EdgeInfoContent","Thu Apr 30 00:56:27 UTC 2026","passed","Thu Apr 30 00:56:27 UTC 2026","","EdgeInfoContent support for hidden edges","",""
"","598","does not allow confirmation while dates are invalid","FileIngestFilterDialog","Thu Apr 30 00:57:30 UTC 2026","passed","Thu Apr 30 00:57:31 UTC 2026","","Date Range Inputs","",""
"Test cases for TestResources_GetAssetGroupTagHistory","0","TestResources_GetAssetGroupTagHistory","","Thu Apr 30 00:55:03 UTC 2026","passed","Thu Apr 30 00:55:03 UTC 2026","","Go Test","github.com/specterops/bloodhound/cmd/api/src/api/v2/TestResources_GetAssetGroupTagHistory","TestResources_GetAssetGroupTagHistory"
"","1","reads and parses an existing value from localStorage","useLocalStorage","Thu Apr 30 00:58:13 UTC 2026","passed","Thu Apr 30 00:58:13 UTC 2026","","initial value","",""
"","33","does not render the analysis toggle when multi tier analysis enabled is false","Tag Form","Thu Apr 30 00:56:06 UTC 2026","passed","Thu Apr 30 00:56:06 UTC 2026","","","",""
"","12","disables the upload button and does not populate a table if the user lacks the permission","File Upload","Thu Apr 30 00:58:33 UTC 2026","passed","Thu Apr 30 00:58:33 UTC 2026","","","",""
"Test cases for TestGetScheme","0","TestGetScheme","","Thu Apr 30 00:54:56 UTC 2026","passed","Thu Apr 30 00:54:56 UTC 2026","","Go Test","github.com/specterops/bloodhound/cmd/api/src/api/middleware/TestGetScheme","TestGetScheme"
"","0","returns true if arrays are equal","areArraysSimilar","Thu Apr 30 01:00:42 UTC 2026","passed","Thu Apr 30 01:00:42 UTC 2026","","","",""
"","120","requests finished jobs","useFinishedJobs","Thu Apr 30 00:58:28 UTC 2026","passed","Thu Apr 30 00:58:28 UTC 2026","","","",""
"Test cases for Test_convertGraphExtensionPayloadToGraphExtension","0","Test_convertGraphExtensionPayloadToGraphExtension","","Thu Apr 30 00:55:03 UTC 2026","passed","Thu Apr 30 00:55:03 UTC 2026","","Go Test","github.com/specterops/bloodhound/cmd/api/src/api/v2/Test_convertGraphExtensionPayloadToGraphExtension","Test_convertGraphExtensionPayloadToGraphExtension"
"","120","renders a list of pre-built searches","PrebuiltSearchList","Thu Apr 30 00:58:56 UTC 2026","passed","Thu Apr 30 00:58:57 UTC 2026","","","",""
"Test cases for TestResources_UpdateSavedQuery_InvalidBody","0","TestResources_UpdateSavedQuery_InvalidBody","","Thu Apr 30 00:55:03 UTC 2026","passed","Thu Apr 30 00:55:03 UTC 2026","","Go Test","github.com/specterops/bloodhound/cmd/api/src/api/v2/TestResources_UpdateSavedQuery_InvalidBody","TestResources_UpdateSavedQuery_InvalidBody"
"Test cases for TestNewAuditLog_BadAuthContext","0","TestNewAuditLog_BadAuthContext","","Thu Apr 30 00:55:05 UTC 2026","passed","Thu Apr 30 00:55:05 UTC 2026","","Go Test","github.com/specterops/bloodhound/cmd/api/src/database/TestNewAuditLog_BadAuthContext","TestNewAuditLog_BadAuthContext"
"","26","Calls the cypher search endpoint for a node that is hidden from user with not all environments access","EntityObjectInformation","Thu Apr 30 00:58:48 UTC 2026","passed","Thu Apr 30 00:58:48 UTC 2026","","","",""
"","17","should display hidden node label for hidden node","EntityInfoHeader","Thu Apr 30 00:59:26 UTC 2026","passed","Thu Apr 30 00:59:26 UTC 2026","","","",""
"Test cases for TestResources_ListAuditLogs_SortingError","0","TestResources_ListAuditLogs_SortingError","","Thu Apr 30 00:55:03 UTC 2026","passed","Thu Apr 30 00:55:03 UTC 2026","","Go Test","github.com/specterops/bloodhound/cmd/api/src/api/v2/TestResources_ListAuditLogs_SortingError","TestResources_ListAuditLogs_SortingError"
"Test cases for TestResources_ListCAPKIHierarchy","0","TestResources_ListCAPKIHierarchy","","Thu Apr 30 00:55:03 UTC 2026","passed","Thu Apr 30 00:55:03 UTC 2026","","Go Test","github.com/specterops/bloodhound/cmd/api/src/api/v2/TestResources_ListCAPKIHierarchy","TestResources_ListCAPKIHierarchy"
"","4","isLoading returns as expected based on all queries combined","queriesAreLoadingOrErrored","Thu Apr 30 01:01:02 UTC 2026","passed","Thu Apr 30 01:01:02 UTC 2026","","","",""
"","1033","shows a table with partially completed jobs","FileIngestTable","Thu Apr 30 00:58:38 UTC 2026","passed","Thu Apr 30 00:58:39 UTC 2026","","","",""
"","299","should disable Cancel and Save buttons while isLoading is true","CreateUserDialog","Thu Apr 30 00:56:43 UTC 2026","passed","Thu Apr 30 00:56:43 UTC 2026","","","",""
"Test cases for TestResources_GetAssetGroupMemberCount_Success","0","TestResources_GetAssetGroupMemberCount_Success","","Thu Apr 30 00:55:03 UTC 2026","passed","Thu Apr 30 00:55:03 UTC 2026","","Go Test","github.com/specterops/bloodhound/cmd/api/src/api/v2/TestResources_GetAssetGroupMemberCount_Success","TestResources_GetAssetGroupMemberCount_Success"
"","63","enables pulling an ordered list of tags by position ascending","the useAssetGroupTags utilities","Thu Apr 30 00:57:38 UTC 2026","passed","Thu Apr 30 00:57:38 UTC 2026","","","",""
"Test cases for TestModifyCookieAttribute","3","TestModifyCookieAttribute","","Thu Apr 30 00:55:28 UTC 2026","passed","Thu Apr 30 00:55:28 UTC 2026","","Go Test","github.com/specterops/bloodhound/cmd/api/src/utils/test/TestModifyCookieAttribute","TestModifyCookieAttribute"
"Test cases for TestResources_ListADIssuancePolicyLinkedCertTemplates","244","TestResources_ListADIssuancePolicyLinkedCertTemplates","","Thu Apr 30 00:55:03 UTC 2026","passed","Thu Apr 30 00:55:03 UTC 2026","","Go Test","github.com/specterops/bloodhound/cmd/api/src/api/v2/TestResources_ListADIssuancePolicyLinkedCertTemplates","TestResources_ListADIssuancePolicyLinkedCertTemplates"
"Test cases for TestResources_GetIssuancePolicyEntityInfo","322","TestResources_GetIssuancePolicyEntityInfo","","Thu Apr 30 00:55:03 UTC 2026","passed","Thu Apr 30 00:55:03 UTC 2026","","Go Test","github.com/specterops/bloodhound/cmd/api/src/api/v2/TestResources_GetIssuancePolicyEntityInfo","TestResources_GetIssuancePolicyEntityInfo"
"Test cases for Test_filterAndFormatSearchResults_filterEnvironments","0","Test_filterAndFormatSearchResults_filterEnvironments","","Thu Apr 30 00:55:03 UTC 2026","passed","Thu Apr 30 00:55:03 UTC 2026","","Go Test","github.com/specterops/bloodhound/cmd/api/src/api/v2/Test_filterAndFormatSearchResults_filterEnvironments","Test_filterAndFormatSearchResults_filterEnvironments"
"","0","should hide/expand search widget when user clicks minus/plus button","ExploreSearch rendering per tab","Thu Apr 30 01:02:18 UTC 2026","unknown","Thu Apr 30 01:02:18 UTC 2026","","","",""
"","942","should render with a full list of multiple tenants and domains","Simple Environment Selector","Thu Apr 30 00:58:06 UTC 2026","passed","Thu Apr 30 00:58:07 UTC 2026","","","",""
"Test cases for TestQueries_GetEntityResults","0","TestQueries_GetEntityResults","","Thu Apr 30 00:55:08 UTC 2026","passed","Thu Apr 30 00:55:08 UTC 2026","","Go Test","github.com/specterops/bloodhound/cmd/api/src/queries/TestQueries_GetEntityResults","TestQueries_GetEntityResults"
"","935","renders a button and a menu","CreateMenu","Thu Apr 30 00:57:55 UTC 2026","passed","Thu Apr 30 00:57:56 UTC 2026","","oidc_support feature flag enabled","",""
"Test cases for TestExpireUserAuthSecret_Success","0","TestExpireUserAuthSecret_Success","","Thu Apr 30 00:55:09 UTC 2026","passed","Thu Apr 30 00:55:09 UTC 2026","","Go Test","github.com/specterops/bloodhound/cmd/api/src/api/v2/auth/TestExpireUserAuthSecret_Success","TestExpireUserAuthSecret_Success"
"","365","should render","LoginForm","Thu Apr 30 01:00:23 UTC 2026","passed","Thu Apr 30 01:00:24 UTC 2026","","","",""
"Test cases for TestResources_GetDatabaseCompleteness","103","TestResources_GetDatabaseCompleteness","","Thu Apr 30 00:55:03 UTC 2026","passed","Thu Apr 30 00:55:03 UTC 2026","","Go Test","github.com/specterops/bloodhound/cmd/api/src/api/v2/TestResources_GetDatabaseCompleteness","TestResources_GetDatabaseCompleteness"
"Test cases for TestSortJSONArrayElements","1","TestSortJSONArrayElements","","Thu Apr 30 00:55:28 UTC 2026","passed","Thu Apr 30 00:55:28 UTC 2026","","Go Test","github.com/specterops/bloodhound/cmd/api/src/utils/test/TestSortJSONArrayElements","TestSortJSONArrayElements"
"","435","should not call onSave when Save button is clicked and form input is invalid","UpdateUserDialog","Thu Apr 30 00:56:50 UTC 2026","passed","Thu Apr 30 00:56:51 UTC 2026","","","",""
"","479","does not display must be new password error messages when current password is not required","PasswordDialog","Thu Apr 30 00:56:41 UTC 2026","passed","Thu Apr 30 00:56:42 UTC 2026","","","",""
"","127","should have a disabled continue button","TagToZoneLabelDialog","Thu Apr 30 00:59:00 UTC 2026","passed","Thu Apr 30 00:59:00 UTC 2026","","","",""
"","136","renders the glyph form input when the editing a zone that is not the highest privileged","Tag Form","Thu Apr 30 00:56:05 UTC 2026","passed","Thu Apr 30 00:56:06 UTC 2026","","","",""
"","480","disables the delete button and all checkboxes if the user lacks permission","DatabaseManagement","Thu Apr 30 01:01:32 UTC 2026","passed","Thu Apr 30 01:01:33 UTC 2026","","","",""
"Test cases for TestEncodingInterface","1","TestEncodingInterface","","Thu Apr 30 00:55:29 UTC 2026","passed","Thu Apr 30 00:55:29 UTC 2026","","Go Test","github.com/specterops/bloodhound/packages/go/bomenc/TestEncodingInterface","TestEncodingInterface"
"","164","should show a copy button if the cells text if the cell is not a boolean","ExploreTableDataCell","Thu Apr 30 01:00:23 UTC 2026","passed","Thu Apr 30 01:00:23 UTC 2026","","","",""
"","70","returns an object with values for assetGroupTagId, params, and setPZQueryParams","usePZQueryParams","Thu Apr 30 00:59:12 UTC 2026","passed","Thu Apr 30 00:59:12 UTC 2026","","","",""
"","84","should display the ""Authentication"" header","UserProfile","Thu Apr 30 00:58:07 UTC 2026","passed","Thu Apr 30 00:58:07 UTC 2026","","","",""
"","941","opens a submenu when user hovers over `Copy`","ContextMenu","Thu Apr 30 01:01:47 UTC 2026","passed","Thu Apr 30 01:01:48 UTC 2026","","","",""
"","236","should handle click events on apply and cancel","ConfirmUpdateQueryDialog","Thu Apr 30 01:00:40 UTC 2026","passed","Thu Apr 30 01:00:41 UTC 2026","","","",""
"","205","renders correctly with requiresCurrentPassword true","PasswordDialog","Thu Apr 30 00:56:37 UTC 2026","passed","Thu Apr 30 00:56:38 UTC 2026","","","",""
"Test cases for Test_ParseAndValidatePayload","4","Test_ParseAndValidatePayload","","Thu Apr 30 00:55:11 UTC 2026","passed","Thu Apr 30 00:55:11 UTC 2026","","Go Test","github.com/specterops/bloodhound/cmd/api/src/services/upload/Test_ParseAndValidatePayload","Test_ParseAndValidatePayload"
"","656","should render the cypher search controls when user clicks on cypher tab","ExploreSearch rendering per tab","Thu Apr 30 01:01:32 UTC 2026","passed","Thu Apr 30 01:01:33 UTC 2026","","","",""
"","12","when there is no ID in the URL and no tags available, no ID is returned (it is undefined)","usePZQueryParams","Thu Apr 30 00:59:12 UTC 2026","passed","Thu Apr 30 00:59:12 UTC 2026","","","",""
"","173","navigates to previous history entry when warning dialog is cancelled","EarlyAccessFeatures","Thu Apr 30 01:01:55 UTC 2026","passed","Thu Apr 30 01:01:55 UTC 2026","","","",""
"","23","should redirect to nested /file-ingest route if user navigates to an invalid route","Administration","Thu Apr 30 01:02:10 UTC 2026","passed","Thu Apr 30 01:02:10 UTC 2026","","","",""
"","622","filters by the selected status","FileIngestFilterDialog","Thu Apr 30 00:57:28 UTC 2026","passed","Thu Apr 30 00:57:29 UTC 2026","","Status Select","",""
"Test cases for TestResources_SearchAssetGroupTags","9","TestResources_SearchAssetGroupTags","","Thu Apr 30 00:55:03 UTC 2026","passed","Thu Apr 30 00:55:03 UTC 2026","","Go Test","github.com/specterops/bloodhound/cmd/api/src/api/v2/TestResources_SearchAssetGroupTags","TestResources_SearchAssetGroupTags"
"Test cases for TestResources_UpdateAssetGroupTagSelector","6","TestResources_UpdateAssetGroupTagSelector","","Thu Apr 30 00:55:03 UTC 2026","passed","Thu Apr 30 00:55:03 UTC 2026","","Go Test","github.com/specterops/bloodhound/cmd/api/src/api/v2/TestResources_UpdateAssetGroupTagSelector","TestResources_UpdateAssetGroupTagSelector"
"","1813","should display search results when the user enters text","AssetGroupEdit","Thu Apr 30 00:59:15 UTC 2026","passed","Thu Apr 30 00:59:17 UTC 2026","","","",""
"Test cases for TestQueries_BuildEntityQueryParams","0","TestQueries_BuildEntityQueryParams","","Thu Apr 30 00:55:08 UTC 2026","passed","Thu Apr 30 00:55:08 UTC 2026","","Go Test","github.com/specterops/bloodhound/cmd/api/src/queries/TestQueries_BuildEntityQueryParams","TestQueries_BuildEntityQueryParams"
"Test cases for TestTimeExactEqual","0","TestTimeExactEqual","","Thu Apr 30 00:55:06 UTC 2026","passed","Thu Apr 30 00:55:06 UTC 2026","","Go Test","github.com/specterops/bloodhound/cmd/api/src/database/types/null/TestTimeExactEqual","TestTimeExactEqual"
"","2","updates state when an external storage event is fired for the same key","useLocalStorage","Thu Apr 30 00:58:13 UTC 2026","passed","Thu Apr 30 00:58:13 UTC 2026","","storage event synchronisation","",""
"Test cases for TestManagementResource_ListAuthTokens_Filtered","0","TestManagementResource_ListAuthTokens_Filtered","","Thu Apr 30 00:55:33 UTC 2026","passed","Thu Apr 30 00:55:33 UTC 2026","","Go Test","github.com/specterops/bloodhound/cmd/api/src/api/v2/auth/TestManagementResource_ListAuthTokens_Filtered","TestManagementResource_ListAuthTokens_Filtered"
"Test cases for TestResources_ListADComputerAdmins","0","TestResources_ListADComputerAdmins","","Thu Apr 30 00:55:03 UTC 2026","passed","Thu Apr 30 00:55:03 UTC 2026","","Go Test","github.com/specterops/bloodhound/cmd/api/src/api/v2/TestResources_ListADComputerAdmins","TestResources_ListADComputerAdmins"
"Test cases for TestResources_PatchDomain","0","TestResources_PatchDomain","","Thu Apr 30 00:55:03 UTC 2026","passed","Thu Apr 30 00:55:03 UTC 2026","","Go Test","github.com/specterops/bloodhound/cmd/api/src/api/v2/TestResources_PatchDomain","TestResources_PatchDomain"
"Test cases for TestResources_GetAZEntityInformation","166","TestResources_GetAZEntityInformation","","Thu Apr 30 00:55:03 UTC 2026","passed","Thu Apr 30 00:55:03 UTC 2026","","Go Test","github.com/specterops/bloodhound/cmd/api/src/api/v2/TestResources_GetAZEntityInformation","TestResources_GetAZEntityInformation"
"","30","renders a button","CreateMenu","Thu Apr 30 00:57:57 UTC 2026","passed","Thu Apr 30 00:57:57 UTC 2026","","oidc_support feature flag disabled","",""
"","805","should display all available roles","UpdateUserDialog","Thu Apr 30 00:56:52 UTC 2026","passed","Thu Apr 30 00:56:52 UTC 2026","","","",""
"","878","handles adding to tier zero asset group","AssetGroupMenuItem","Thu Apr 30 01:01:31 UTC 2026","passed","Thu Apr 30 01:01:32 UTC 2026","","adding to an asset group","",""
"Test cases for TestUnmarshalNonIntegerNumber","0","TestUnmarshalNonIntegerNumber","","Thu Apr 30 00:55:06 UTC 2026","passed","Thu Apr 30 00:55:06 UTC 2026","","Go Test","github.com/specterops/bloodhound/cmd/api/src/database/types/null/TestUnmarshalNonIntegerNumber","TestUnmarshalNonIntegerNumber"
"Test cases for TestManagementResource_ListAuthTokens_PredicateMismatchWithColumn","0","TestManagementResource_ListAuthTokens_PredicateMismatchWithColumn","","Thu Apr 30 00:55:33 UTC 2026","passed","Thu Apr 30 00:55:33 UTC 2026","","Go Test","github.com/specterops/bloodhound/cmd/api/src/api/v2/auth/TestManagementResource_ListAuthTokens_PredicateMismatchWithColumn","TestManagementResource_ListAuthTokens_PredicateMismatchWithColumn"
"","61","enables correctly returning the tag associated with Tier Zero (position value of 1) from the list of tags","the useAssetGroupTags utilities","Thu Apr 30 00:57:38 UTC 2026","passed","Thu Apr 30 00:57:38 UTC 2026","","","",""
"Test cases for TestManagementResource_EnableUserSAML","1","TestManagementResource_EnableUserSAML","","Thu Apr 30 00:55:09 UTC 2026","passed","Thu Apr 30 00:55:09 UTC 2026","","Go Test","github.com/specterops/bloodhound/cmd/api/src/api/v2/auth/TestManagementResource_EnableUserSAML","TestManagementResource_EnableUserSAML"
"","81","disables delete button for built-in extensions","ActiveExtensionsCard","Thu Apr 30 00:56:27 UTC 2026","passed","Thu Apr 30 00:56:27 UTC 2026","","","",""
"","6","renders Owned text by default when no Label Selector is available and on a Label page","TagSelector","Thu Apr 30 00:59:15 UTC 2026","passed","Thu Apr 30 00:59:15 UTC 2026","","","",""
"","1128","should render","ExploreSearch rendering per tab","Thu Apr 30 01:01:31 UTC 2026","passed","Thu Apr 30 01:01:32 UTC 2026","","","",""
"","305","sets secondarySearch=id and searchType=node when primarySearch is falsey","ContextMenu","Thu Apr 30 01:01:46 UTC 2026","passed","Thu Apr 30 01:01:46 UTC 2026","","","",""
"Test cases for TestGetLimitParamForGraphQuery","0","TestGetLimitParamForGraphQuery","","Thu Apr 30 00:55:28 UTC 2026","passed","Thu Apr 30 00:55:28 UTC 2026","","Go Test","github.com/specterops/bloodhound/cmd/api/src/utils/TestGetLimitParamForGraphQuery","TestGetLimitParamForGraphQuery"
"","0","fails for password without special characters","testPassword","Thu Apr 30 01:01:04 UTC 2026","passed","Thu Apr 30 01:01:04 UTC 2026","","","",""
"Test cases for TestFeatureFlag_HA","302","TestFeatureFlag_HA","","Thu Apr 30 00:55:04 UTC 2026","passed","Thu Apr 30 00:55:04 UTC 2026","","Go Test","github.com/specterops/bloodhound/cmd/api/src/daemons/changelog/TestFeatureFlag_HA","TestFeatureFlag_HA"
"","9","does not render note content when selected is null","HistoryNotes Component","Thu Apr 30 01:00:46 UTC 2026","passed","Thu Apr 30 01:00:46 UTC 2026","","","",""
"","0","returns default error message for unknown API messages","getErrorMessage","Thu Apr 30 00:57:24 UTC 2026","passed","Thu Apr 30 00:57:24 UTC 2026","","","",""
"","365","filters by the selected user","FileIngestFilterDialog","Thu Apr 30 00:57:31 UTC 2026","passed","Thu Apr 30 00:57:32 UTC 2026","","User Select","",""
"","149","should call onCancel when return to login button clicked","PasswordResetForm","Thu Apr 30 00:58:41 UTC 2026","passed","Thu Apr 30 00:58:41 UTC 2026","","","",""
"","2","returns undefined for headers when db config timeout limit setting is enabled and state of is disable query limit is true","useExploreGraph","Thu Apr 30 00:57:08 UTC 2026","passed","Thu Apr 30 00:57:08 UTC 2026","userSettings","exploreGraphQueryFactory","",""
"Test cases for TestTimeSetValid","0","TestTimeSetValid","","Thu Apr 30 00:55:06 UTC 2026","passed","Thu Apr 30 00:55:06 UTC 2026","","Go Test","github.com/specterops/bloodhound/cmd/api/src/database/types/null/TestTimeSetValid","TestTimeSetValid"
"","80","disables delete button for user without correct permissions","ActiveExtensionsCard","Thu Apr 30 00:56:27 UTC 2026","passed","Thu Apr 30 00:56:27 UTC 2026","","","",""
"Test cases for TestResources_CreateSavedQuery","0","TestResources_CreateSavedQuery","","Thu Apr 30 00:55:03 UTC 2026","passed","Thu Apr 30 00:55:03 UTC 2026","","Go Test","github.com/specterops/bloodhound/cmd/api/src/api/v2/TestResources_CreateSavedQuery","TestResources_CreateSavedQuery"
"Test cases for Test_FixtureSetup","0","Test_FixtureSetup","","Thu Apr 30 00:55:30 UTC 2026","passed","Thu Apr 30 00:55:30 UTC 2026","","Go Test","github.com/specterops/bloodhound/packages/go/lab/Test_FixtureSetup","Test_FixtureSetup"
"Test cases for TestStringPointer","0","TestStringPointer","","Thu Apr 30 00:55:06 UTC 2026","passed","Thu Apr 30 00:55:06 UTC 2026","","Go Test","github.com/specterops/bloodhound/cmd/api/src/database/types/null/TestStringPointer","TestStringPointer"
"","99","copys children value to clipboard after clicking the copy btn","CodeController","Thu Apr 30 01:00:47 UTC 2026","passed","Thu Apr 30 01:00:47 UTC 2026","","","",""
"Test cases for TestResources_DeleteSavedQuery_NotAUserAuth","0","TestResources_DeleteSavedQuery_NotAUserAuth","","Thu Apr 30 00:55:03 UTC 2026","passed","Thu Apr 30 00:55:03 UTC 2026","","Go Test","github.com/specterops/bloodhound/cmd/api/src/api/v2/TestResources_DeleteSavedQuery_NotAUserAuth","TestResources_DeleteSavedQuery_NotAUserAuth"
"Test cases for TestResources_ListADGPOAffectedTierZero","1","TestResources_ListADGPOAffectedTierZero","","Thu Apr 30 00:55:03 UTC 2026","passed","Thu Apr 30 00:55:03 UTC 2026","","Go Test","github.com/specterops/bloodhound/cmd/api/src/api/v2/TestResources_ListADGPOAffectedTierZero","TestResources_ListADGPOAffectedTierZero"
"Test cases for TestDomainSelectors_TestIsSortable","0","TestDomainSelectors_TestIsSortable","","Thu Apr 30 00:55:07 UTC 2026","passed","Thu Apr 30 00:55:07 UTC 2026","","Go Test","github.com/specterops/bloodhound/cmd/api/src/model/TestDomainSelectors_TestIsSortable","TestDomainSelectors_TestIsSortable"
"","133","should render all of the options as checkboxes","Checkbox group","Thu Apr 30 01:00:48 UTC 2026","passed","Thu Apr 30 01:00:48 UTC 2026","","","",""
"","183","shows a table with finished jobs","FileIngestTable","Thu Apr 30 00:58:38 UTC 2026","passed","Thu Apr 30 00:58:38 UTC 2026","","","",""
"","132","does not show ""API Expiration Date"" column header when expiration is disabled","UserTokenManagementDialog - API Expiration Date column","Thu Apr 30 00:57:33 UTC 2026","passed","Thu Apr 30 00:57:33 UTC 2026","","","",""
"","199","should not render list items for domains that are not collected","Context Selector","Thu Apr 30 00:58:07 UTC 2026","passed","Thu Apr 30 00:58:08 UTC 2026","","","",""
"Test cases for TestToolContainer_GetScheduledAnalysisConfiguration_Errors","0","TestToolContainer_GetScheduledAnalysisConfiguration_Errors","","Thu Apr 30 00:54:57 UTC 2026","passed","Thu Apr 30 00:54:57 UTC 2026","","Go Test","github.com/specterops/bloodhound/cmd/api/src/api/tools/TestToolContainer_GetScheduledAnalysisConfiguration_Errors","TestToolContainer_GetScheduledAnalysisConfiguration_Errors"
"","288","renders a graph if the query has any node edges","GraphView","Thu Apr 30 01:01:51 UTC 2026","passed","Thu Apr 30 01:01:51 UTC 2026","","","",""
"","0","returns undefined if graphData is {} or not a GraphResponse","getExploreTableData","Thu Apr 30 00:58:57 UTC 2026","passed","Thu Apr 30 00:58:57 UTC 2026","","","",""
"Test cases for TestResources_GetEdgeRelayTargets","103","TestResources_GetEdgeRelayTargets","","Thu Apr 30 00:55:03 UTC 2026","passed","Thu Apr 30 00:55:03 UTC 2026","","Go Test","github.com/specterops/bloodhound/cmd/api/src/api/v2/TestResources_GetEdgeRelayTargets","TestResources_GetEdgeRelayTargets"
"","21","renders custom icon correctly","NodeIcon","Thu Apr 30 01:00:25 UTC 2026","passed","Thu Apr 30 01:00:25 UTC 2026","","","",""
"Test cases for TestManagementResource_ListPermissions_PredicateMismatchWithColumn","0","TestManagementResource_ListPermissions_PredicateMismatchWithColumn","","Thu Apr 30 00:55:09 UTC 2026","passed","Thu Apr 30 00:55:09 UTC 2026","","Go Test","github.com/specterops/bloodhound/cmd/api/src/api/v2/auth/TestManagementResource_ListPermissions_PredicateMismatchWithColumn","TestManagementResource_ListPermissions_PredicateMismatchWithColumn"
"Test cases for TestParseAGMembersFromNodes_MissingNodeProperties","0","TestParseAGMembersFromNodes_MissingNodeProperties","","Thu Apr 30 00:55:03 UTC 2026","passed","Thu Apr 30 00:55:03 UTC 2026","","Go Test","github.com/specterops/bloodhound/cmd/api/src/api/v2/TestParseAGMembersFromNodes_MissingNodeProperties","TestParseAGMembersFromNodes_MissingNodeProperties"
"Test cases for TestResources_ListADCSEscalations","0","TestResources_ListADCSEscalations","","Thu Apr 30 00:55:03 UTC 2026","passed","Thu Apr 30 00:55:03 UTC 2026","","Go Test","github.com/specterops/bloodhound/cmd/api/src/api/v2/TestResources_ListADCSEscalations","TestResources_ListADCSEscalations"
"Test cases for TestResources_UpdateSavedQuery_QueryBelongsToAnotherUser","4","TestResources_UpdateSavedQuery_QueryBelongsToAnotherUser","","Thu Apr 30 00:55:03 UTC 2026","passed","Thu Apr 30 00:55:03 UTC 2026","","Go Test","github.com/specterops/bloodhound/cmd/api/src/api/v2/TestResources_UpdateSavedQuery_QueryBelongsToAnotherUser","TestResources_UpdateSavedQuery_QueryBelongsToAnotherUser"
"Test cases for Test_runMaybeCachedEntityQuery","2","Test_runMaybeCachedEntityQuery","","Thu Apr 30 00:55:08 UTC 2026","passed","Thu Apr 30 00:55:08 UTC 2026","","Go Test","github.com/specterops/bloodhound/cmd/api/src/queries/Test_runMaybeCachedEntityQuery","Test_runMaybeCachedEntityQuery"
"Test cases for TestResources_DownloadCollectorByVersion","0","TestResources_DownloadCollectorByVersion","","Thu Apr 30 00:55:03 UTC 2026","passed","Thu Apr 30 00:55:03 UTC 2026","","Go Test","github.com/specterops/bloodhound/cmd/api/src/api/v2/TestResources_DownloadCollectorByVersion","TestResources_DownloadCollectorByVersion"
"","133","should call onCancel when return to login button clicked","OneTimePasscodeForm","Thu Apr 30 01:00:17 UTC 2026","passed","Thu Apr 30 01:00:17 UTC 2026","","","",""
"Test cases for TestPermissionsCheckAll","1","TestPermissionsCheckAll","","Thu Apr 30 00:54:56 UTC 2026","passed","Thu Apr 30 00:54:56 UTC 2026","","Go Test","github.com/specterops/bloodhound/cmd/api/src/api/middleware/TestPermissionsCheckAll","TestPermissionsCheckAll"
"","82","initializes the categories with just the built-in defaults when edge endpoint returns nothing","useEdgeCategories","Thu Apr 30 00:58:00 UTC 2026","passed","Thu Apr 30 00:58:00 UTC 2026","","","",""
"Test cases for TestTextUnmarshalInt","0","TestTextUnmarshalInt","","Thu Apr 30 00:55:06 UTC 2026","passed","Thu Apr 30 00:55:06 UTC 2026","","Go Test","github.com/specterops/bloodhound/cmd/api/src/database/types/null/TestTextUnmarshalInt","TestTextUnmarshalInt"
"","152","shows the empty form message when Object Rule Form is empty","Seed Selection Results","Thu Apr 30 00:57:37 UTC 2026","passed","Thu Apr 30 00:57:37 UTC 2026","","","",""
"","8","displays lastlogontimestamp cell as UNKNOWN when the value is 0","ExploreTableDataCell","Thu Apr 30 01:00:23 UTC 2026","passed","Thu Apr 30 01:00:23 UTC 2026","","","",""
"Test cases for TestManagementResource_SAMLLoginHandler","10","TestManagementResource_SAMLLoginHandler","","Thu Apr 30 00:55:48 UTC 2026","passed","Thu Apr 30 00:55:48 UTC 2026","","Go Test","github.com/specterops/bloodhound/cmd/api/src/api/v2/auth/TestManagementResource_SAMLLoginHandler","TestManagementResource_SAMLLoginHandler"
"Test cases for TestManagementResource_ListSAMLSignOnEndpoints","5","TestManagementResource_ListSAMLSignOnEndpoints","","Thu Apr 30 00:55:48 UTC 2026","passed","Thu Apr 30 00:55:48 UTC 2026","","Go Test","github.com/specterops/bloodhound/cmd/api/src/api/v2/auth/TestManagementResource_ListSAMLSignOnEndpoints","TestManagementResource_ListSAMLSignOnEndpoints"
"","5","returns the remaining amount of labels available for creation","useTagLimits","Thu Apr 30 00:56:35 UTC 2026","passed","Thu Apr 30 00:56:35 UTC 2026","","","",""
"Test cases for TestKeyEncoder_Key_Deterministic","0","TestKeyEncoder_Key_Deterministic","","Thu Apr 30 00:55:28 UTC 2026","passed","Thu Apr 30 00:55:28 UTC 2026","","Go Test","github.com/specterops/bloodhound/packages/go/analysis/post/TestKeyEncoder_Key_Deterministic","TestKeyEncoder_Key_Deterministic"
"Test cases for TestAssetGroupMembers_SortBy","0","TestAssetGroupMembers_SortBy","","Thu Apr 30 00:54:53 UTC 2026","passed","Thu Apr 30 00:54:53 UTC 2026","","Go Test","github.com/specterops/bloodhound/cmd/api/src/api/TestAssetGroupMembers_SortBy","TestAssetGroupMembers_SortBy"
"","86","renders when all data is available and rule is not default","Delete Selector Button rendering","Thu Apr 30 01:00:43 UTC 2026","passed","Thu Apr 30 01:00:43 UTC 2026","","","",""
"Test cases for TestResources_GetFlags","0","TestResources_GetFlags","","Thu Apr 30 00:55:03 UTC 2026","passed","Thu Apr 30 00:55:03 UTC 2026","","Go Test","github.com/specterops/bloodhound/cmd/api/src/api/v2/TestResources_GetFlags","TestResources_GetFlags"
"","109","buttons are disabled while loading","OneTimePasscodeForm","Thu Apr 30 01:00:17 UTC 2026","passed","Thu Apr 30 01:00:17 UTC 2026","","","",""
"Test cases for TestManagementResource_SSOCallbackHandler","6","TestManagementResource_SSOCallbackHandler","","Thu Apr 30 00:55:48 UTC 2026","passed","Thu Apr 30 00:55:48 UTC 2026","","Go Test","github.com/specterops/bloodhound/cmd/api/src/api/v2/auth/TestManagementResource_SSOCallbackHandler","TestManagementResource_SSOCallbackHandler"
"","424","handles removing from a tier zero asset group","AssetGroupMenuItem","Thu Apr 30 01:01:32 UTC 2026","passed","Thu Apr 30 01:01:32 UTC 2026","","removing from an asset group","",""
"","126","should display api key management button","Api Keys","Thu Apr 30 00:58:08 UTC 2026","passed","Thu Apr 30 00:58:08 UTC 2026","","","",""
"","222","should display ""Create Token"" button","UserTokenManagementDialog","Thu Apr 30 00:57:33 UTC 2026","passed","Thu Apr 30 00:57:33 UTC 2026","","","",""
"","132","button displays ""Enabled"" when flag is enabled","EarlyAccessFeatureToggle","Thu Apr 30 01:02:04 UTC 2026","passed","Thu Apr 30 01:02:04 UTC 2026","","","",""
"","76","renders the title","ProcessingIndicator","Thu Apr 30 01:01:05 UTC 2026","passed","Thu Apr 30 01:01:05 UTC 2026","","","",""
"","374","should display a ""Change Password"" modal","UserProfile","Thu Apr 30 00:58:07 UTC 2026","passed","Thu Apr 30 00:58:08 UTC 2026","","""Reset Password"" button is clicked","",""
"","883","displays validation error messages when password does not meet requirements","PasswordDialog","Thu Apr 30 00:56:38 UTC 2026","passed","Thu Apr 30 00:56:39 UTC 2026","","","",""
"","38","sets input text to value","ManagedDatePicker - value","Thu Apr 30 00:58:49 UTC 2026","passed","Thu Apr 30 00:58:49 UTC 2026","","","",""
"","73","disables items via itemDisabled and hides the chevron icon visually","<DetailsAccordion />","Thu Apr 30 00:57:41 UTC 2026","passed","Thu Apr 30 00:57:41 UTC 2026","","","",""
"","62","returns the full environment of the environmentId found in the search params","useAvailableEnvironments","Thu Apr 30 00:58:35 UTC 2026","passed","Thu Apr 30 00:58:35 UTC 2026","","useSelectedEnvironment","",""
"","226","calls setExploreParams with searchType and relationshipQueryItemId when selecting a composition accordion","EdgeInfoContent","Thu Apr 30 00:56:26 UTC 2026","passed","Thu Apr 30 00:56:27 UTC 2026","","EdgeInfoContent support for Deep Linking","",""
"","495","displays a warning dialog when mounted","EarlyAccessFeatures","Thu Apr 30 01:01:54 UTC 2026","passed","Thu Apr 30 01:01:55 UTC 2026","","","",""
"Test cases for TestResources_GetCertTemplateEntityInfo","332","TestResources_GetCertTemplateEntityInfo","","Thu Apr 30 00:55:03 UTC 2026","passed","Thu Apr 30 00:55:03 UTC 2026","","Go Test","github.com/specterops/bloodhound/cmd/api/src/api/v2/TestResources_GetCertTemplateEntityInfo","TestResources_GetCertTemplateEntityInfo"
"","36","shows the empty form message when Cypher Rule Form is empty","Seed Selection Results","Thu Apr 30 00:57:37 UTC 2026","passed","Thu Apr 30 00:57:37 UTC 2026","","","",""
"Test cases for TestGetAzureDataQualityStats_Failure","0","TestGetAzureDataQualityStats_Failure","","Thu Apr 30 00:55:03 UTC 2026","passed","Thu Apr 30 00:55:03 UTC 2026","","Go Test","github.com/specterops/bloodhound/cmd/api/src/api/v2/TestGetAzureDataQualityStats_Failure","TestGetAzureDataQualityStats_Failure"
"","614","displays a Upload Files button","FileIngest","Thu Apr 30 01:00:12 UTC 2026","passed","Thu Apr 30 01:00:13 UTC 2026","","","",""
"Test cases for TestManagementResource_ListAuthTokens_InvalidColumn","0","TestManagementResource_ListAuthTokens_InvalidColumn","","Thu Apr 30 00:55:33 UTC 2026","passed","Thu Apr 30 00:55:33 UTC 2026","","Go Test","github.com/specterops/bloodhound/cmd/api/src/api/v2/auth/TestManagementResource_ListAuthTokens_InvalidColumn","TestManagementResource_ListAuthTokens_InvalidColumn"
"","7","safely handles removing nonexistent key","useObjectState","Thu Apr 30 01:00:20 UTC 2026","passed","Thu Apr 30 01:00:20 UTC 2026","","","",""
"Test cases for TestTextUnmarshalFloat","0","TestTextUnmarshalFloat","","Thu Apr 30 00:55:06 UTC 2026","passed","Thu Apr 30 00:55:06 UTC 2026","","Go Test","github.com/specterops/bloodhound/cmd/api/src/database/types/null/TestTextUnmarshalFloat","TestTextUnmarshalFloat"
"","5415","does not close explore search tab menu or entity info panel when search returns zero nodes","CypherSearch","Thu Apr 30 00:56:58 UTC 2026","passed","Thu Apr 30 00:57:03 UTC 2026","","Minimize explorer page elements when multiple nodes are returned","",""
"","414","calls setFilters when the Confirm button is clicked","Privilege Zones History Filter Dialog","Thu Apr 30 00:58:31 UTC 2026","passed","Thu Apr 30 00:58:31 UTC 2026","","","",""
"","66","skips undefined items gracefully","<DetailsAccordion />","Thu Apr 30 00:57:41 UTC 2026","passed","Thu Apr 30 00:57:41 UTC 2026","","","",""
"","11","when password is expired and not on password reset page, redirects to password reset page","AuthenticatedRoute","Thu Apr 30 01:02:00 UTC 2026","passed","Thu Apr 30 01:02:00 UTC 2026","","","",""
"","2","handles environment with impactValue at exact threshold boundaries","filterAndSearchEnvironments","Thu Apr 30 00:56:19 UTC 2026","passed","Thu Apr 30 00:56:19 UTC 2026","","edge cases","",""
"","207","Verify Vault Reader count is the count returned by All Readers","EntityInfoDataTable","Thu Apr 30 00:57:28 UTC 2026","passed","Thu Apr 30 00:57:29 UTC 2026","","Node count for Vault Readers nested table","",""
"","343","renders with applied filters","Privilege Zones History Filter Dialog","Thu Apr 30 00:58:29 UTC 2026","passed","Thu Apr 30 00:58:30 UTC 2026","","","",""
"","0","abbreviates numbers larger than 1000 and should not round the tenth place digit","numberFormatting","Thu Apr 30 00:58:55 UTC 2026","passed","Thu Apr 30 00:58:55 UTC 2026","","","",""
"","262","calls openOIDCProviderDialog when OIDC Provider menu item is clicked","CreateMenu","Thu Apr 30 00:57:56 UTC 2026","passed","Thu Apr 30 00:57:57 UTC 2026","","oidc_support feature flag enabled","",""
"Test cases for TestGenerateRandomBase64String","0","TestGenerateRandomBase64String","","Thu Apr 30 00:55:04 UTC 2026","passed","Thu Apr 30 00:55:04 UTC 2026","","Go Test","github.com/specterops/bloodhound/cmd/api/src/config/TestGenerateRandomBase64String","TestGenerateRandomBase64String"
"Test cases for TestResources_GetNTAuthStoreEntityInfo","333","TestResources_GetNTAuthStoreEntityInfo","","Thu Apr 30 00:55:03 UTC 2026","passed","Thu Apr 30 00:55:03 UTC 2026","","Go Test","github.com/specterops/bloodhound/cmd/api/src/api/v2/TestResources_GetNTAuthStoreEntityInfo","TestResources_GetNTAuthStoreEntityInfo"
"Test cases for TestManagementResource_GetSelf","1","TestManagementResource_GetSelf","","Thu Apr 30 00:55:24 UTC 2026","passed","Thu Apr 30 00:55:24 UTC 2026","","Go Test","github.com/specterops/bloodhound/cmd/api/src/api/v2/auth/TestManagementResource_GetSelf","TestManagementResource_GetSelf"
"","39","should highlight selected route","Main Nav Route Highlighting","Thu Apr 30 00:58:13 UTC 2026","passed","Thu Apr 30 00:58:13 UTC 2026","","","",""
"","1384","should disable save button while input is empty","SaveQueryDialog","Thu Apr 30 00:56:05 UTC 2026","passed","Thu Apr 30 00:56:06 UTC 2026","","","",""
"Test cases for TestGetAzureDataQualityStats_Success","0","TestGetAzureDataQualityStats_Success","","Thu Apr 30 00:55:03 UTC 2026","passed","Thu Apr 30 00:55:03 UTC 2026","","Go Test","github.com/specterops/bloodhound/cmd/api/src/api/v2/TestGetAzureDataQualityStats_Success","TestGetAzureDataQualityStats_Success"
"Test cases for TestSignRequestAtInternalError","0","TestSignRequestAtInternalError","","Thu Apr 30 00:54:53 UTC 2026","passed","Thu Apr 30 00:54:53 UTC 2026","","Go Test","github.com/specterops/bloodhound/cmd/api/src/api/TestSignRequestAtInternalError","TestSignRequestAtInternalError"
"","311","filling in the name value allows updating the selector and navigates back to the details page","Tag Form","Thu Apr 30 00:56:06 UTC 2026","passed","Thu Apr 30 00:56:07 UTC 2026","","","",""
"","270","shows ""Clear All"" when all columns are selected","ManageColumnsComboBox","Thu Apr 30 00:57:42 UTC 2026","passed","Thu Apr 30 00:57:43 UTC 2026","","","",""
"Test cases for TestUrlValidator","0","TestUrlValidator","","Thu Apr 30 00:55:28 UTC 2026","passed","Thu Apr 30 00:55:28 UTC 2026","","Go Test","github.com/specterops/bloodhound/cmd/api/src/utils/validation/TestUrlValidator","TestUrlValidator"
"","798","opens and closes the filter","FileIngestFilterDialog","Thu Apr 30 00:57:27 UTC 2026","passed","Thu Apr 30 00:57:28 UTC 2026","","","",""
"","131","renders correctly","NodeIcon","Thu Apr 30 01:00:25 UTC 2026","passed","Thu Apr 30 01:00:25 UTC 2026","","","",""
"","29","returns undefined if environmentId searched for is not found","useAvailableEnvironments","Thu Apr 30 00:58:35 UTC 2026","passed","Thu Apr 30 00:58:35 UTC 2026","","useSelectedEnvironment","",""
"","0","handles environment with impactValue of 0","filterAndSearchEnvironments","Thu Apr 30 00:56:19 UTC 2026","passed","Thu Apr 30 00:56:19 UTC 2026","","edge cases","",""
"Test cases for TestStringValueOrZero","0","TestStringValueOrZero","","Thu Apr 30 00:55:06 UTC 2026","passed","Thu Apr 30 00:55:06 UTC 2026","","Go Test","github.com/specterops/bloodhound/cmd/api/src/database/types/null/TestStringValueOrZero","TestStringValueOrZero"
"Test cases for TestManagementResource_ListRoles_Filtered","0","TestManagementResource_ListRoles_Filtered","","Thu Apr 30 00:55:09 UTC 2026","passed","Thu Apr 30 00:55:09 UTC 2026","","Go Test","github.com/specterops/bloodhound/cmd/api/src/api/v2/auth/TestManagementResource_ListRoles_Filtered","TestManagementResource_ListRoles_Filtered"
"","66","displays an error message while fetching fails","ActiveExtensionsCard","Thu Apr 30 00:56:25 UTC 2026","passed","Thu Apr 30 00:56:25 UTC 2026","","","",""
"Test cases for TestFlatMap","0","TestFlatMap","","Thu Apr 30 00:55:42 UTC 2026","passed","Thu Apr 30 00:55:42 UTC 2026","","Go Test","github.com/specterops/bloodhound/packages/go/slicesext/TestFlatMap","TestFlatMap"
"","853","calls the passed in select handler when clicking the Confirm button","Glyph Select Dialog","Thu Apr 30 01:00:39 UTC 2026","passed","Thu Apr 30 01:00:40 UTC 2026","","","",""
"Test cases for TestResources_OpenGraphSchemaIngest","6","TestResources_OpenGraphSchemaIngest","","Thu Apr 30 00:55:03 UTC 2026","passed","Thu Apr 30 00:55:03 UTC 2026","","Go Test","github.com/specterops/bloodhound/cmd/api/src/api/v2/TestResources_OpenGraphSchemaIngest","TestResources_OpenGraphSchemaIngest"
"Test cases for TestInt64Pointer","0","TestInt64Pointer","","Thu Apr 30 00:55:06 UTC 2026","passed","Thu Apr 30 00:55:06 UTC 2026","","Go Test","github.com/specterops/bloodhound/cmd/api/src/database/types/null/TestInt64Pointer","TestInt64Pointer"
"","576","should render an SavedQueryPermissions component","SavedQueryPermissions","Thu Apr 30 00:59:24 UTC 2026","passed","Thu Apr 30 00:59:25 UTC 2026","","","",""
"","0","returns true if arrays have same content in different order","areArraysSimilar","Thu Apr 30 01:00:42 UTC 2026","passed","Thu Apr 30 01:00:42 UTC 2026","","","",""
"Test cases for TestResources_CreateCustomNodeKindsTest","133","TestResources_CreateCustomNodeKindsTest","","Thu Apr 30 00:55:03 UTC 2026","passed","Thu Apr 30 00:55:03 UTC 2026","","Go Test","github.com/specterops/bloodhound/cmd/api/src/api/v2/TestResources_CreateCustomNodeKindsTest","TestResources_CreateCustomNodeKindsTest"
"Test cases for TestResources_GetPermissionsForSavedQuery","85","TestResources_GetPermissionsForSavedQuery","","Thu Apr 30 00:55:03 UTC 2026","passed","Thu Apr 30 00:55:03 UTC 2026","","Go Test","github.com/specterops/bloodhound/cmd/api/src/api/v2/TestResources_GetPermissionsForSavedQuery","TestResources_GetPermissionsForSavedQuery"
"Test cases for Test_GetApplicationConfigurations","0","Test_GetApplicationConfigurations","","Thu Apr 30 00:55:03 UTC 2026","passed","Thu Apr 30 00:55:03 UTC 2026","","Go Test","github.com/specterops/bloodhound/cmd/api/src/api/v2/Test_GetApplicationConfigurations","Test_GetApplicationConfigurations"
"","61","passes the check for at least one permission if the user is missing one of many required permissions","usePermissions","Thu Apr 30 00:58:00 UTC 2026","passed","Thu Apr 30 00:58:00 UTC 2026","","","",""
"","413","should not call onSave when Save button is clicked and form input is invalid","CreateUserDialog","Thu Apr 30 00:56:40 UTC 2026","passed","Thu Apr 30 00:56:41 UTC 2026","","","",""
"","45","uses the discardQueryParams prop to discard all query params on the link","AppLink","Thu Apr 30 00:59:19 UTC 2026","passed","Thu Apr 30 00:59:19 UTC 2026","","","",""
"","113","should display the logged in user's role","UserProfile","Thu Apr 30 00:58:07 UTC 2026","passed","Thu Apr 30 00:58:07 UTC 2026","","","",""
"","132","renders enabled Zone and Object tabs and disabled Rule tab","Selected Details Tabs","Thu Apr 30 00:58:22 UTC 2026","passed","Thu Apr 30 00:58:22 UTC 2026","","Selected Details Tabs - Params present","",""
"","95","if a hint is given, it show date placeholder on focus, restores hint on blur","ManagedDatePicker - placeholders","Thu Apr 30 00:58:49 UTC 2026","passed","Thu Apr 30 00:58:49 UTC 2026","","","",""
"","862","should call onSave when Save button is clicked and form input is valid","UpdateUserDialog","Thu Apr 30 00:56:51 UTC 2026","passed","Thu Apr 30 00:56:52 UTC 2026","","","",""
"","30","sets autoDisplayTable to false if query returns nodes only but the enabled prop is false","useExploreTableAutoDisplay","Thu Apr 30 01:00:00 UTC 2026","passed","Thu Apr 30 01:00:00 UTC 2026","","","",""
"","68","button is disabled when note is falsy","NoteCell component","Thu Apr 30 00:59:42 UTC 2026","passed","Thu Apr 30 00:59:42 UTC 2026","","","",""
"","134","displays extensions in a table when data is available","ActiveExtensionsCard","Thu Apr 30 00:56:25 UTC 2026","passed","Thu Apr 30 00:56:25 UTC 2026","","","",""
"","679","should not call onSubmit when expired password matches current password when reset password button clicked","PasswordResetForm","Thu Apr 30 00:58:41 UTC 2026","passed","Thu Apr 30 00:58:41 UTC 2026","","","",""
"","235","The edge properties are fetched through a cypher search which includes lastseen","EdgeObjectInformation","Thu Apr 30 00:59:09 UTC 2026","passed","Thu Apr 30 00:59:09 UTC 2026","","","",""
"Test cases for TestResources_ListPublishedTemplates","9","TestResources_ListPublishedTemplates","","Thu Apr 30 00:55:03 UTC 2026","passed","Thu Apr 30 00:55:03 UTC 2026","","Go Test","github.com/specterops/bloodhound/cmd/api/src/api/v2/TestResources_ListPublishedTemplates","TestResources_ListPublishedTemplates"
"","1","returns graphData as is if it doesnt match the GraphResponse interface","normalizeGraphDataForSigma","Thu Apr 30 01:02:10 UTC 2026","passed","Thu Apr 30 01:02:10 UTC 2026","","","",""
"Test cases for TestPermissionsCheckAtLeastOne","1","TestPermissionsCheckAtLeastOne","","Thu Apr 30 00:54:56 UTC 2026","passed","Thu Apr 30 00:54:56 UTC 2026","","Go Test","github.com/specterops/bloodhound/cmd/api/src/api/middleware/TestPermissionsCheckAtLeastOne","TestPermissionsCheckAtLeastOne"
"Test cases for TestMatches_FailureAction","0","TestMatches_FailureAction","","Thu Apr 30 00:55:07 UTC 2026","passed","Thu Apr 30 00:55:07 UTC 2026","","Go Test","github.com/specterops/bloodhound/cmd/api/src/model/TestMatches_FailureAction","TestMatches_FailureAction"
"Test cases for TestBoolPointer","0","TestBoolPointer","","Thu Apr 30 00:55:06 UTC 2026","passed","Thu Apr 30 00:55:06 UTC 2026","","Go Test","github.com/specterops/bloodhound/cmd/api/src/database/types/null/TestBoolPointer","TestBoolPointer"
"Test cases for Test_parseAuthorizationHeader","1","Test_parseAuthorizationHeader","","Thu Apr 30 00:54:56 UTC 2026","passed","Thu Apr 30 00:54:56 UTC 2026","","Go Test","github.com/specterops/bloodhound/cmd/api/src/api/middleware/Test_parseAuthorizationHeader","Test_parseAuthorizationHeader"
"Test cases for Test_cacheQueryResult","1","Test_cacheQueryResult","","Thu Apr 30 00:55:08 UTC 2026","passed","Thu Apr 30 00:55:08 UTC 2026","","Go Test","github.com/specterops/bloodhound/cmd/api/src/queries/Test_cacheQueryResult","Test_cacheQueryResult"
"","353","renders","ObjectsAccordion","Thu Apr 30 00:59:04 UTC 2026","passed","Thu Apr 30 00:59:05 UTC 2026","","","",""
"","2","should include all operations when the tag matches the term","opsFilter","Thu Apr 30 01:00:02 UTC 2026","passed","Thu Apr 30 01:00:02 UTC 2026","","","",""
"","15","renders nothing if flag is enabled and enabled prop is not provided","FeatureFlag","Thu Apr 30 00:59:57 UTC 2026","passed","Thu Apr 30 00:59:57 UTC 2026","","","",""
"","1","reports when API error response has errors array","handleError","Thu Apr 30 00:57:24 UTC 2026","passed","Thu Apr 30 00:57:24 UTC 2026","","","",""
"Test cases for TestResources_UpdateSavedQuery_AdminPrivateQuery_Success","0","TestResources_UpdateSavedQuery_AdminPrivateQuery_Success","","Thu Apr 30 00:55:03 UTC 2026","passed","Thu Apr 30 00:55:03 UTC 2026","","Go Test","github.com/specterops/bloodhound/cmd/api/src/api/v2/TestResources_UpdateSavedQuery_AdminPrivateQuery_Success","TestResources_UpdateSavedQuery_AdminPrivateQuery_Success"
"Test cases for TestResources_ListAuditLogs_PredicateMismatchWithColumn","0","TestResources_ListAuditLogs_PredicateMismatchWithColumn","","Thu Apr 30 00:55:03 UTC 2026","passed","Thu Apr 30 00:55:03 UTC 2026","","Go Test","github.com/specterops/bloodhound/cmd/api/src/api/v2/TestResources_ListAuditLogs_PredicateMismatchWithColumn","TestResources_ListAuditLogs_PredicateMismatchWithColumn"
"","1868","should add an option and display the changelog when it is clicked","AssetGroupEdit","Thu Apr 30 00:59:17 UTC 2026","passed","Thu Apr 30 00:59:19 UTC 2026","","","",""
"Test cases for TestResources_ListADOUContainedComputers","4","TestResources_ListADOUContainedComputers","","Thu Apr 30 00:55:03 UTC 2026","passed","Thu Apr 30 00:55:03 UTC 2026","","Go Test","github.com/specterops/bloodhound/cmd/api/src/api/v2/TestResources_ListADOUContainedComputers","TestResources_ListADOUContainedComputers"
"","0","fails for password without digits","testPassword","Thu Apr 30 01:01:04 UTC 2026","passed","Thu Apr 30 01:01:04 UTC 2026","","","",""
"Test cases for TestResources_GetSavedQuery","72","TestResources_GetSavedQuery","","Thu Apr 30 00:55:03 UTC 2026","passed","Thu Apr 30 00:55:03 UTC 2026","","Go Test","github.com/specterops/bloodhound/cmd/api/src/api/v2/TestResources_GetSavedQuery","TestResources_GetSavedQuery"
"","0","The user has yet to type into the search (for OU and Domain searches that have hard coded types)","Getting the text for the disabled item display for a search when there are no results","Thu Apr 30 00:59:23 UTC 2026","passed","Thu Apr 30 00:59:23 UTC 2026","","Empty data states","",""
"","168","displays expected results when searching by objectid","SearchCurrentNodes","Thu Apr 30 00:59:08 UTC 2026","passed","Thu Apr 30 00:59:08 UTC 2026","","","",""
"Test cases for TestManagementResource_UpdateUser_Success","1427","TestManagementResource_UpdateUser_Success","","Thu Apr 30 00:55:28 UTC 2026","passed","Thu Apr 30 00:55:29 UTC 2026","","Go Test","github.com/specterops/bloodhound/cmd/api/src/api/v2/auth/TestManagementResource_UpdateUser_Success","TestManagementResource_UpdateUser_Success"
"","0","returns null if paramValue is undefined","useEnvironmentParams","Thu Apr 30 01:01:02 UTC 2026","passed","Thu Apr 30 01:01:02 UTC 2026","","parseEnvironmentAggregation","",""
"","0","matches all AZ edges","Make sure pathfinding filterable edges match schemagen","Thu Apr 30 01:01:02 UTC 2026","passed","Thu Apr 30 01:01:02 UTC 2026","","","",""
"Test cases for TestAddOrderByToNeo4jQuery_NoOrderByClause","3","TestAddOrderByToNeo4jQuery_NoOrderByClause","","Thu Apr 30 00:55:03 UTC 2026","passed","Thu Apr 30 00:55:03 UTC 2026","","Go Test","github.com/specterops/bloodhound/cmd/api/src/api/v2/TestAddOrderByToNeo4jQuery_NoOrderByClause","TestAddOrderByToNeo4jQuery_NoOrderByClause"
"Test cases for TestParseGroupMiscData","4","TestParseGroupMiscData","","Thu Apr 30 00:55:29 UTC 2026","passed","Thu Apr 30 00:55:29 UTC 2026","","Go Test","github.com/specterops/bloodhound/packages/go/ein/TestParseGroupMiscData","TestParseGroupMiscData"
"","12","should filter properties that we do not want to display in the entity panel","ObjectInfoFields","Thu Apr 30 01:00:32 UTC 2026","passed","Thu Apr 30 01:00:32 UTC 2026","","","",""
"Test cases for TestDatabase_checkError_OtherError","0","TestDatabase_checkError_OtherError","","Thu Apr 30 00:55:05 UTC 2026","passed","Thu Apr 30 00:55:05 UTC 2026","","Go Test","github.com/specterops/bloodhound/cmd/api/src/database/TestDatabase_checkError_OtherError","TestDatabase_checkError_OtherError"
"Test cases for TestResources_ListPublishedToCAs","0","TestResources_ListPublishedToCAs","","Thu Apr 30 00:55:03 UTC 2026","passed","Thu Apr 30 00:55:03 UTC 2026","","Go Test","github.com/specterops/bloodhound/cmd/api/src/api/v2/TestResources_ListPublishedToCAs","TestResources_ListPublishedToCAs"
"Test cases for TestResources_UpdateAssetGroupTag","3","TestResources_UpdateAssetGroupTag","","Thu Apr 30 00:55:03 UTC 2026","passed","Thu Apr 30 00:55:03 UTC 2026","","Go Test","github.com/specterops/bloodhound/cmd/api/src/api/v2/TestResources_UpdateAssetGroupTag","TestResources_UpdateAssetGroupTag"
"","138","disables the Columns button when the disabled prop is true","ManageColumnsComboBox","Thu Apr 30 00:57:42 UTC 2026","passed","Thu Apr 30 00:57:42 UTC 2026","","","",""
"Test cases for Test_filterAndFormatSearchResults","0","Test_filterAndFormatSearchResults","","Thu Apr 30 00:55:03 UTC 2026","passed","Thu Apr 30 00:55:03 UTC 2026","","Go Test","github.com/specterops/bloodhound/cmd/api/src/api/v2/Test_filterAndFormatSearchResults","Test_filterAndFormatSearchResults"
"","6","should render when search string is not found in the text","HighlightedText","Thu Apr 30 01:00:19 UTC 2026","passed","Thu Apr 30 01:00:19 UTC 2026","","","",""
"","416","displays a validation error","ManagedDatePicker - date validation","Thu Apr 30 00:58:48 UTC 2026","passed","Thu Apr 30 00:58:49 UTC 2026","","","",""
"Test cases for TestInt64Scan","0","TestInt64Scan","","Thu Apr 30 00:55:06 UTC 2026","passed","Thu Apr 30 00:55:06 UTC 2026","","Go Test","github.com/specterops/bloodhound/cmd/api/src/database/types/null/TestInt64Scan","TestInt64Scan"
"","123","upon selecting just a source node, updates the URL with a searchType of 'node' and primarySearch of the node's objectid","usePathfindingSearch","Thu Apr 30 00:58:33 UTC 2026","passed","Thu Apr 30 00:58:33 UTC 2026","","","",""
"Test cases for TestFloatIsZero","0","TestFloatIsZero","","Thu Apr 30 00:55:06 UTC 2026","passed","Thu Apr 30 00:55:06 UTC 2026","","Go Test","github.com/specterops/bloodhound/cmd/api/src/database/types/null/TestFloatIsZero","TestFloatIsZero"
"","417","toggles sort order when clicking sortable header","ObjectsAccordion","Thu Apr 30 01:00:07 UTC 2026","passed","Thu Apr 30 01:00:08 UTC 2026","","","",""
"Test cases for TestFloatEqual","0","TestFloatEqual","","Thu Apr 30 00:55:06 UTC 2026","passed","Thu Apr 30 00:55:06 UTC 2026","","Go Test","github.com/specterops/bloodhound/cmd/api/src/database/types/null/TestFloatEqual","TestFloatEqual"
"","184","should display","GenericErrorBoundaryFallback","Thu Apr 30 01:01:08 UTC 2026","passed","Thu Apr 30 01:01:08 UTC 2026","","","",""
"Test cases for TestInt64SetValid","0","TestInt64SetValid","","Thu Apr 30 00:55:06 UTC 2026","passed","Thu Apr 30 00:55:06 UTC 2026","","Go Test","github.com/specterops/bloodhound/cmd/api/src/database/types/null/TestInt64SetValid","TestInt64SetValid"
"","280","handles adding to non-tier-zero asset group","AssetGroupMenuItem","Thu Apr 30 01:01:32 UTC 2026","passed","Thu Apr 30 01:01:32 UTC 2026","","adding to an asset group","",""
"","1337","when user performs a pathfinding search, the selection for the start node is carried over to the `search` tab","ExploreSearch interaction","Thu Apr 30 01:01:36 UTC 2026","passed","Thu Apr 30 01:01:37 UTC 2026","","","",""
"","104","should call onCancel when cancel button clicked","LoginViaSSOForm","Thu Apr 30 00:59:28 UTC 2026","passed","Thu Apr 30 00:59:29 UTC 2026","","","",""
"Test cases for TestConvertContainerToNode_InheritanceHashes","0","TestConvertContainerToNode_InheritanceHashes","","Thu Apr 30 00:55:29 UTC 2026","passed","Thu Apr 30 00:55:29 UTC 2026","","Go Test","github.com/specterops/bloodhound/packages/go/ein/TestConvertContainerToNode_InheritanceHashes","TestConvertContainerToNode_InheritanceHashes"
"","416","toggles a nested graph data option off","GraphDataCheckboxes","Thu Apr 30 00:57:04 UTC 2026","passed","Thu Apr 30 00:57:04 UTC 2026","","","",""
"","111","disables the create user button and does not populate a table if the user lacks the permission","Users","Thu Apr 30 00:58:22 UTC 2026","passed","Thu Apr 30 00:58:22 UTC 2026","","","",""
"","1","returns query config when searchType is composition and all required params are passed","useExploreGraph","Thu Apr 30 00:57:08 UTC 2026","passed","Thu Apr 30 00:57:08 UTC 2026","composition search queries","exploreGraphQueryFactory","",""
"Test cases for TestResources_CypherQuery","130","TestResources_CypherQuery","","Thu Apr 30 00:55:03 UTC 2026","passed","Thu Apr 30 00:55:03 UTC 2026","","Go Test","github.com/specterops/bloodhound/cmd/api/src/api/v2/TestResources_CypherQuery","TestResources_CypherQuery"
"","478","displays default text for domain selector when globalDomain is null","GroupManagement","Thu Apr 30 01:01:53 UTC 2026","passed","Thu Apr 30 01:01:54 UTC 2026","","","",""
"","269","prevents a user from proceeding if the file is not valid","ImportQueryDialog","Thu Apr 30 01:00:56 UTC 2026","passed","Thu Apr 30 01:00:56 UTC 2026","","","",""
"","497","does fires TagToZoneDialog when the Zone option is clicked","TagToZoneLabel","Thu Apr 30 00:56:15 UTC 2026","passed","Thu Apr 30 00:56:16 UTC 2026","","","",""
"","474","should not call onSubmit when expired password is not supplied when reset password button clicked","PasswordResetForm","Thu Apr 30 00:58:40 UTC 2026","passed","Thu Apr 30 00:58:41 UTC 2026","","","",""
"","1422","should clear out the sso provider id from submission data when the authentication method is changed","UpdateUserDialog","Thu Apr 30 00:56:54 UTC 2026","passed","Thu Apr 30 00:56:55 UTC 2026","","","",""
"Test cases for TestFoldl","1","TestFoldl","","Thu Apr 30 00:55:42 UTC 2026","passed","Thu Apr 30 00:55:42 UTC 2026","","Go Test","github.com/specterops/bloodhound/packages/go/slicesext/TestFoldl","TestFoldl"
"","16","allows you to update the list of selected filters, only updating the url after calling the apply function","usePathfindingFilters","Thu Apr 30 01:00:28 UTC 2026","passed","Thu Apr 30 01:00:28 UTC 2026","","","",""
"","3","should return true when value matches term","compareTerm","Thu Apr 30 01:00:02 UTC 2026","passed","Thu Apr 30 01:00:02 UTC 2026","","","",""
"Test cases for TestSupportsETACMiddleware","1","TestSupportsETACMiddleware","","Thu Apr 30 00:54:56 UTC 2026","passed","Thu Apr 30 00:54:56 UTC 2026","","Go Test","github.com/specterops/bloodhound/cmd/api/src/api/middleware/TestSupportsETACMiddleware","TestSupportsETACMiddleware"
"Test cases for TestRewriter_Enter_CombinedAzureAndADShortcut_ConcatenatesKinds","0","TestRewriter_Enter_CombinedAzureAndADShortcut_ConcatenatesKinds","","Thu Apr 30 00:55:08 UTC 2026","passed","Thu Apr 30 00:55:08 UTC 2026","","Go Test","github.com/specterops/bloodhound/cmd/api/src/queries/TestRewriter_Enter_CombinedAzureAndADShortcut_ConcatenatesKinds","TestRewriter_Enter_CombinedAzureAndADShortcut_ConcatenatesKinds"
"","26","the queries in the list only include nodes and edges that are defined in our schema","common search list","Thu Apr 30 01:00:39 UTC 2026","passed","Thu Apr 30 01:00:39 UTC 2026","","","",""
"","385","should render","LoginViaSSOForm","Thu Apr 30 00:59:27 UTC 2026","passed","Thu Apr 30 00:59:27 UTC 2026","","","",""
"Test cases for Test_HarnessSetup","0","Test_HarnessSetup","","Thu Apr 30 00:55:30 UTC 2026","passed","Thu Apr 30 00:55:30 UTC 2026","","Go Test","github.com/specterops/bloodhound/packages/go/lab/Test_HarnessSetup","Test_HarnessSetup"
"","676","dispatches an action to add the associated node","Rule Object Select","Thu Apr 30 00:59:38 UTC 2026","passed","Thu Apr 30 00:59:38 UTC 2026","","","",""
"Test cases for TestGenerateQRCodeBase64","17","TestGenerateQRCodeBase64","","Thu Apr 30 00:55:03 UTC 2026","passed","Thu Apr 30 00:55:03 UTC 2026","","Go Test","github.com/specterops/bloodhound/cmd/api/src/auth/TestGenerateQRCodeBase64","TestGenerateQRCodeBase64"
"Test cases for Test_NewSpecWithHooks","0","Test_NewSpecWithHooks","","Thu Apr 30 00:55:30 UTC 2026","passed","Thu Apr 30 00:55:30 UTC 2026","","Go Test","github.com/specterops/bloodhound/packages/go/lab/Test_NewSpecWithHooks","Test_NewSpecWithHooks"
"","241","on clicking switch shows modal and when clicking cancel closes it and switch stays enabled","CitrixRDPConfiguration","Thu Apr 30 00:58:01 UTC 2026","passed","Thu Apr 30 00:58:01 UTC 2026","","Click on switch to disable","",""
"","320","should display correctly","ConfirmationDialog","Thu Apr 30 01:00:51 UTC 2026","passed","Thu Apr 30 01:00:51 UTC 2026","","","",""
"","184","shows ""Expired"" in red when the expiration date has already passed","UserTokenManagementDialog - API Expiration Date column","Thu Apr 30 00:57:34 UTC 2026","passed","Thu Apr 30 00:57:34 UTC 2026","","","",""
"","97","displays the value thats passed via children","CodeController","Thu Apr 30 01:00:47 UTC 2026","passed","Thu Apr 30 01:00:47 UTC 2026","","","",""
"","98","Calls the `Base` endpoint for a LocalUser type node","EntityObjectInformation","Thu Apr 30 00:58:48 UTC 2026","passed","Thu Apr 30 00:58:48 UTC 2026","","","",""
"","150","renders the analysis toggle when multi tier analysis enabled is true and when editing an existing zone","Tag Form","Thu Apr 30 00:56:06 UTC 2026","passed","Thu Apr 30 00:56:06 UTC 2026","","","",""
"","238","only sends dirty fields in the request when updating","Tag Form","Thu Apr 30 00:56:07 UTC 2026","passed","Thu Apr 30 00:56:08 UTC 2026","","","",""
"Test cases for TestManagementResource_CreateSAMLProviderMultipart","16","TestManagementResource_CreateSAMLProviderMultipart","","Thu Apr 30 00:55:48 UTC 2026","passed","Thu Apr 30 00:55:48 UTC 2026","","Go Test","github.com/specterops/bloodhound/cmd/api/src/api/v2/auth/TestManagementResource_CreateSAMLProviderMultipart","TestManagementResource_CreateSAMLProviderMultipart"
"","0","handles percent values by multiplying by 100, truncating to an integer, and adding a ""%"" to the end","Formatting number properties","Thu Apr 30 00:57:49 UTC 2026","passed","Thu Apr 30 00:57:49 UTC 2026","","","",""
"Test cases for TestReconcile","0","TestReconcile","","Thu Apr 30 00:55:05 UTC 2026","passed","Thu Apr 30 00:55:05 UTC 2026","","Go Test","github.com/specterops/bloodhound/cmd/api/src/database/TestReconcile","TestReconcile"
"","398","on clicking switch shows modal and when clicking cancel closes it and switch stays disabled","CitrixRDPConfiguration","Thu Apr 30 00:58:00 UTC 2026","passed","Thu Apr 30 00:58:01 UTC 2026","","Click on switch to enable","",""
"Test cases for Test_sortAndSliceResults_sorting","0","Test_sortAndSliceResults_sorting","","Thu Apr 30 00:55:08 UTC 2026","passed","Thu Apr 30 00:55:08 UTC 2026","","Go Test","github.com/specterops/bloodhound/cmd/api/src/queries/Test_sortAndSliceResults_sorting","Test_sortAndSliceResults_sorting"
"","6","returns a date string only if passed a string with a matching key","Formatting strings via formatPrimive","Thu Apr 30 00:57:49 UTC 2026","passed","Thu Apr 30 00:57:49 UTC 2026","","","",""
"","9","keeps callbacks stable across renders","useObjectState","Thu Apr 30 01:00:20 UTC 2026","passed","Thu Apr 30 01:00:20 UTC 2026","","","",""
"Test cases for TestManagementResource_GetRole","38661","TestManagementResource_GetRole","","Thu Apr 30 00:55:09 UTC 2026","passed","Thu Apr 30 00:55:48 UTC 2026","","Go Test","github.com/specterops/bloodhound/cmd/api/src/api/v2/auth/TestManagementResource_GetRole","TestManagementResource_GetRole"
"","0","Fetching the data timed out","Getting the text for the disabled item display for a search when there are no results","Thu Apr 30 00:59:23 UTC 2026","passed","Thu Apr 30 00:59:23 UTC 2026","","Error states","",""
"Test cases for TestManagementResource_SAMLCallbackHandler","13","TestManagementResource_SAMLCallbackHandler","","Thu Apr 30 00:55:48 UTC 2026","passed","Thu Apr 30 00:55:48 UTC 2026","","Go Test","github.com/specterops/bloodhound/cmd/api/src/api/v2/auth/TestManagementResource_SAMLCallbackHandler","TestManagementResource_SAMLCallbackHandler"
"","1678","displays a list of available sharphound and azurehound files to download","DownloadCollectors","Thu Apr 30 01:01:39 UTC 2026","passed","Thu Apr 30 01:01:40 UTC 2026","","","",""
"","0","returns paramValue as EnvironmentAggregation for unknown values (custom types)","useEnvironmentParams","Thu Apr 30 01:01:02 UTC 2026","passed","Thu Apr 30 01:01:02 UTC 2026","","parseEnvironmentAggregation","",""
"","2","writes initialValue to localStorage when the key is absent","useLocalStorage","Thu Apr 30 00:58:13 UTC 2026","passed","Thu Apr 30 00:58:13 UTC 2026","","initial value","",""
"Test cases for TestNewRewriter","0","TestNewRewriter","","Thu Apr 30 00:55:08 UTC 2026","passed","Thu Apr 30 00:55:08 UTC 2026","","Go Test","github.com/specterops/bloodhound/cmd/api/src/queries/TestNewRewriter","TestNewRewriter"
"","318","calls openSAMLProviderDialog when SAML Provider menu item is clicked","CreateMenu","Thu Apr 30 00:57:56 UTC 2026","passed","Thu Apr 30 00:57:56 UTC 2026","","oidc_support feature flag enabled","",""
"Test cases for TestResources_ListAuditLogs_DBError","0","TestResources_ListAuditLogs_DBError","","Thu Apr 30 00:55:03 UTC 2026","passed","Thu Apr 30 00:55:03 UTC 2026","","Go Test","github.com/specterops/bloodhound/cmd/api/src/api/v2/TestResources_ListAuditLogs_DBError","TestResources_ListAuditLogs_DBError"
"","64","returns true when nodes are available","useGraphHasData","Thu Apr 30 01:00:29 UTC 2026","passed","Thu Apr 30 01:00:29 UTC 2026","","","",""
"","15","disables useAvailableEnvironment and does not attempt calling handleInitialEnvironment if queryOptions.enabled","useInitialEnvironment","Thu Apr 30 00:59:57 UTC 2026","passed","Thu Apr 30 00:59:57 UTC 2026","","","",""
"","152","renders the form for creating a new label","Tag Form","Thu Apr 30 00:56:05 UTC 2026","passed","Thu Apr 30 00:56:05 UTC 2026","","","",""
"","280","a name value is required to submit the form","Rule Form","Thu Apr 30 00:56:26 UTC 2026","passed","Thu Apr 30 00:56:26 UTC 2026","","","",""
"","0","should appropriately handle edges that contain underscores","getEdgeDataFromKey","Thu Apr 30 01:02:12 UTC 2026","passed","Thu Apr 30 01:02:12 UTC 2026","","","",""
"","504","runs the query and calls dispatch to set the node results","PrivilegeZonesCypherEditor Search component for Zone Management","Thu Apr 30 01:00:02 UTC 2026","passed","Thu Apr 30 01:00:03 UTC 2026","","","",""
"","68","populates the source and destination node fields when query params are passed","usePathfindingSearch","Thu Apr 30 00:58:34 UTC 2026","passed","Thu Apr 30 00:58:34 UTC 2026","","","",""
"Test cases for TestDeduplicateKinds","0","TestDeduplicateKinds","","Thu Apr 30 00:55:11 UTC 2026","passed","Thu Apr 30 00:55:11 UTC 2026","","Go Test","github.com/specterops/bloodhound/cmd/api/src/services/graphify/TestDeduplicateKinds","TestDeduplicateKinds"
"","94","shows View in Explore if exploreUrl is supplied","Seed Selection Results","Thu Apr 30 00:57:37 UTC 2026","passed","Thu Apr 30 00:57:37 UTC 2026","","","",""
"","293","renders an edit form for the selected asset group when a user has graph write permissions","GroupManagement","Thu Apr 30 01:01:54 UTC 2026","passed","Thu Apr 30 01:01:54 UTC 2026","","","",""
"Test cases for TestResources_ListADDomainForeignGroups","7","TestResources_ListADDomainForeignGroups","","Thu Apr 30 00:55:03 UTC 2026","passed","Thu Apr 30 00:55:03 UTC 2026","","Go Test","github.com/specterops/bloodhound/cmd/api/src/api/v2/TestResources_ListADDomainForeignGroups","TestResources_ListADDomainForeignGroups"
"","218","renders an interactive version when preview is set to false","PrivilegeZonesCypherEditor Search component for Zone Management","Thu Apr 30 01:00:02 UTC 2026","passed","Thu Apr 30 01:00:02 UTC 2026","","","",""
"","145","does not open the dialog when the user does not have the opengraph write permission","SchemaUploadDialog","Thu Apr 30 00:57:20 UTC 2026","passed","Thu Apr 30 00:57:20 UTC 2026","","","",""
"","122","enables returning a list of tags","the useAssetGroupTags utilities","Thu Apr 30 00:57:38 UTC 2026","passed","Thu Apr 30 00:57:38 UTC 2026","","","",""
"Test cases for TestResources_UpdateCustomNodeKindsTest","130","TestResources_UpdateCustomNodeKindsTest","","Thu Apr 30 00:55:03 UTC 2026","passed","Thu Apr 30 00:55:03 UTC 2026","","Go Test","github.com/specterops/bloodhound/cmd/api/src/api/v2/TestResources_UpdateCustomNodeKindsTest","TestResources_UpdateCustomNodeKindsTest"
"Test cases for TestResources_GetUserEntityInfo","3","TestResources_GetUserEntityInfo","","Thu Apr 30 00:55:03 UTC 2026","passed","Thu Apr 30 00:55:03 UTC 2026","","Go Test","github.com/specterops/bloodhound/cmd/api/src/api/v2/TestResources_GetUserEntityInfo","TestResources_GetUserEntityInfo"
"Test cases for TestStringFrom","0","TestStringFrom","","Thu Apr 30 00:55:06 UTC 2026","passed","Thu Apr 30 00:55:06 UTC 2026","","Go Test","github.com/specterops/bloodhound/cmd/api/src/database/types/null/TestStringFrom","TestStringFrom"
"","271","sets a primarySearch=id and searchType=pathfinding when secondarySearch is truethy","ContextMenu","Thu Apr 30 00:57:35 UTC 2026","passed","Thu Apr 30 00:57:35 UTC 2026","","","",""
"","252","sums nested section node counts","EntityInfoDataTable","Thu Apr 30 00:57:27 UTC 2026","passed","Thu Apr 30 00:57:27 UTC 2026","","Node count for nested table that counts all sections","",""
"","12","upon performing a search, updates the url params with the base64-encoded current query and sets searchType to 'cypher'","useCypherSearch","Thu Apr 30 01:00:36 UTC 2026","passed","Thu Apr 30 01:00:36 UTC 2026","","","",""
"Test cases for TestGenericAssign","0","TestGenericAssign","","Thu Apr 30 00:55:28 UTC 2026","passed","Thu Apr 30 00:55:28 UTC 2026","","Go Test","github.com/specterops/bloodhound/cmd/api/src/utils/TestGenericAssign","TestGenericAssign"
"Test cases for TestSavedQueries_ValidFilters","0","TestSavedQueries_ValidFilters","","Thu Apr 30 00:55:07 UTC 2026","passed","Thu Apr 30 00:55:07 UTC 2026","","Go Test","github.com/specterops/bloodhound/cmd/api/src/model/TestSavedQueries_ValidFilters","TestSavedQueries_ValidFilters"
"Test cases for TestIntValueOrZero","0","TestIntValueOrZero","","Thu Apr 30 00:55:06 UTC 2026","passed","Thu Apr 30 00:55:06 UTC 2026","","Go Test","github.com/specterops/bloodhound/cmd/api/src/database/types/null/TestIntValueOrZero","TestIntValueOrZero"
"Test cases for TestDefaultRateLimitMiddleware","0","TestDefaultRateLimitMiddleware","","Thu Apr 30 00:54:56 UTC 2026","passed","Thu Apr 30 00:54:56 UTC 2026","","Go Test","github.com/specterops/bloodhound/cmd/api/src/api/middleware/TestDefaultRateLimitMiddleware","TestDefaultRateLimitMiddleware"
"Test cases for TestResources_ListADEntityConstrainedDelegationRights","13","TestResources_ListADEntityConstrainedDelegationRights","","Thu Apr 30 00:55:03 UTC 2026","passed","Thu Apr 30 00:55:03 UTC 2026","","Go Test","github.com/specterops/bloodhound/cmd/api/src/api/v2/TestResources_ListADEntityConstrainedDelegationRights","TestResources_ListADEntityConstrainedDelegationRights"
"Test cases for TestFormatDatabaseErrorNotFound","0","TestFormatDatabaseErrorNotFound","","Thu Apr 30 00:54:53 UTC 2026","passed","Thu Apr 30 00:54:53 UTC 2026","","Go Test","github.com/specterops/bloodhound/cmd/api/src/api/TestFormatDatabaseErrorNotFound","TestFormatDatabaseErrorNotFound"
"","533","calls handleFilterChange when a node type is selected","AssetGroupEdit","Thu Apr 30 00:57:55 UTC 2026","passed","Thu Apr 30 00:57:55 UTC 2026","","Node Type dropdown filter","",""
"","1656","renders","Glyph Select Dialog","Thu Apr 30 01:00:37 UTC 2026","passed","Thu Apr 30 01:00:39 UTC 2026","","","",""
"Test cases for TestSelectGPOContainerCandidateFilter","0","TestSelectGPOContainerCandidateFilter","","Thu Apr 30 00:55:28 UTC 2026","passed","Thu Apr 30 00:55:28 UTC 2026","","Go Test","github.com/specterops/bloodhound/packages/go/analysis/ad/TestSelectGPOContainerCandidateFilter","TestSelectGPOContainerCandidateFilter"
"Test cases for TestJSONFloat_MarshalJSON","0","TestJSONFloat_MarshalJSON","","Thu Apr 30 00:55:06 UTC 2026","passed","Thu Apr 30 00:55:06 UTC 2026","","Go Test","github.com/specterops/bloodhound/cmd/api/src/database/types/nan/TestJSONFloat_MarshalJSON","TestJSONFloat_MarshalJSON"
"","1","will return a list of values","Formatting list properties","Thu Apr 30 00:57:49 UTC 2026","passed","Thu Apr 30 00:57:49 UTC 2026","","","",""
"Test cases for TestSIDSuffix_PrependPrefix","1","TestSIDSuffix_PrependPrefix","","Thu Apr 30 00:55:28 UTC 2026","passed","Thu Apr 30 00:55:28 UTC 2026","","Go Test","github.com/specterops/bloodhound/packages/go/analysis/ad/wellknown/TestSIDSuffix_PrependPrefix","TestSIDSuffix_PrependPrefix"
"","0","handles specific Active Directory properties differently than Azure derived properties","Formatting number properties","Thu Apr 30 00:57:49 UTC 2026","passed","Thu Apr 30 00:57:49 UTC 2026","","","",""
"Test cases for TestIntFrom","0","TestIntFrom","","Thu Apr 30 00:55:06 UTC 2026","passed","Thu Apr 30 00:55:06 UTC 2026","","Go Test","github.com/specterops/bloodhound/cmd/api/src/database/types/null/TestIntFrom","TestIntFrom"
"","28","does not render count for a selected zone if prop is not set","DynamicDetails","Thu Apr 30 00:58:11 UTC 2026","passed","Thu Apr 30 00:58:11 UTC 2026","","","",""
"Test cases for TestStringEqual","0","TestStringEqual","","Thu Apr 30 00:55:06 UTC 2026","passed","Thu Apr 30 00:55:06 UTC 2026","","Go Test","github.com/specterops/bloodhound/cmd/api/src/database/types/null/TestStringEqual","TestStringEqual"
"Test cases for Test_SetNodeProperties","0","Test_SetNodeProperties","","Thu Apr 30 00:55:03 UTC 2026","passed","Thu Apr 30 00:55:03 UTC 2026","","Go Test","github.com/specterops/bloodhound/cmd/api/src/api/v2/Test_SetNodeProperties","Test_SetNodeProperties"
"","2112","should close the edge filtering dialog when user clicks apply button","EdgeFilter","Thu Apr 30 00:58:44 UTC 2026","passed","Thu Apr 30 00:58:46 UTC 2026","","","",""
"Test cases for TestManagementResource_UpdateUser_DBError","1073","TestManagementResource_UpdateUser_DBError","","Thu Apr 30 00:55:23 UTC 2026","passed","Thu Apr 30 00:55:24 UTC 2026","","Go Test","github.com/specterops/bloodhound/cmd/api/src/api/v2/auth/TestManagementResource_UpdateUser_DBError","TestManagementResource_UpdateUser_DBError"
"Test cases for TestManagementResource_PutUserAuthSecret","6000","TestManagementResource_PutUserAuthSecret","","Thu Apr 30 00:55:03 UTC 2026","passed","Thu Apr 30 00:55:09 UTC 2026","","Go Test","github.com/specterops/bloodhound/cmd/api/src/api/v2/auth/TestManagementResource_PutUserAuthSecret","TestManagementResource_PutUserAuthSecret"
"","0","returns fallback Cypher message when ruleType is undefined and seeds are required","getErrorMessage","Thu Apr 30 00:57:24 UTC 2026","passed","Thu Apr 30 00:57:24 UTC 2026","","","",""
"Test cases for TestGetADDataQualityStats_Success","0","TestGetADDataQualityStats_Success","","Thu Apr 30 00:55:03 UTC 2026","passed","Thu Apr 30 00:55:03 UTC 2026","","Go Test","github.com/specterops/bloodhound/cmd/api/src/api/v2/TestGetADDataQualityStats_Success","TestGetADDataQualityStats_Success"
"","639","renders the Platforms dropdown and handles click event","QuerySearchFilter","Thu Apr 30 00:59:10 UTC 2026","passed","Thu Apr 30 00:59:10 UTC 2026","","","",""
"","0","returns name uniqueness message for ""name must be unique""","getErrorMessage","Thu Apr 30 00:57:24 UTC 2026","passed","Thu Apr 30 00:57:24 UTC 2026","","","",""
"","0","should handle an undefined or null entity","Evaluating the entity display name from a given entity","Thu Apr 30 00:57:49 UTC 2026","passed","Thu Apr 30 00:57:49 UTC 2026","","","",""
"Test cases for TestResources_GetContainerEntityInfo","330","TestResources_GetContainerEntityInfo","","Thu Apr 30 00:55:03 UTC 2026","passed","Thu Apr 30 00:55:03 UTC 2026","","Go Test","github.com/specterops/bloodhound/cmd/api/src/api/v2/TestResources_GetContainerEntityInfo","TestResources_GetContainerEntityInfo"
"","72","renders citrix config controls","BloodHoundConfiguration","Thu Apr 30 01:02:17 UTC 2026","passed","Thu Apr 30 01:02:17 UTC 2026","","","",""
"","156","renders a preview version","PrivilegeZonesCypherEditor Search component for Zone Management","Thu Apr 30 01:00:02 UTC 2026","passed","Thu Apr 30 01:00:02 UTC 2026","","","",""
"Test cases for TestRequireAllEnvironmentAccessMiddleware","5","TestRequireAllEnvironmentAccessMiddleware","","Thu Apr 30 00:54:56 UTC 2026","passed","Thu Apr 30 00:54:56 UTC 2026","","Go Test","github.com/specterops/bloodhound/cmd/api/src/api/middleware/TestRequireAllEnvironmentAccessMiddleware","TestRequireAllEnvironmentAccessMiddleware"
"Test that the digester handles empty property lists gracefully","0","TestCacheEntryDigester_EmptyMatchers","","Thu Apr 30 00:55:11 UTC 2026","passed","Thu Apr 30 00:55:11 UTC 2026","","Go Test","github.com/specterops/bloodhound/cmd/api/src/services/graphify/endpoint/TestCacheEntryDigester_EmptyMatchers","TestCacheEntryDigester_EmptyMatchers"
"Test cases for TestJSONFloat_UnmarshalJSON","0","TestJSONFloat_UnmarshalJSON","","Thu Apr 30 00:55:06 UTC 2026","passed","Thu Apr 30 00:55:06 UTC 2026","","Go Test","github.com/specterops/bloodhound/cmd/api/src/database/types/nan/TestJSONFloat_UnmarshalJSON","TestJSONFloat_UnmarshalJSON"
"","67","should render oidc info provider","SSOProviderTable","Thu Apr 30 00:59:31 UTC 2026","passed","Thu Apr 30 00:59:31 UTC 2026","","","",""
"","73","should render a label and version number when expanded","MainNav","Thu Apr 30 00:58:13 UTC 2026","passed","Thu Apr 30 00:58:13 UTC 2026","","","",""
"","61","includes all traversable OpenGraph edges in their own category when they are available via the API","useEdgeCategories","Thu Apr 30 00:58:00 UTC 2026","passed","Thu Apr 30 00:58:00 UTC 2026","","","",""
"","44","calls openSAMLProviderDialog when create provider button is clicked","CreateMenu","Thu Apr 30 00:57:57 UTC 2026","passed","Thu Apr 30 00:57:57 UTC 2026","","oidc_support feature flag disabled","",""
"Test cases for TestResources_ListAssetGroupMembers","1","TestResources_ListAssetGroupMembers","","Thu Apr 30 00:55:03 UTC 2026","passed","Thu Apr 30 00:55:03 UTC 2026","","Go Test","github.com/specterops/bloodhound/cmd/api/src/api/v2/TestResources_ListAssetGroupMembers","TestResources_ListAssetGroupMembers"
"","265","can render","ExploreSearchCombobox","Thu Apr 30 00:57:54 UTC 2026","passed","Thu Apr 30 00:57:55 UTC 2026","","","",""
"Test cases for TestWriteErrorResponse_V2","0","TestWriteErrorResponse_V2","","Thu Apr 30 00:54:53 UTC 2026","passed","Thu Apr 30 00:54:53 UTC 2026","","Go Test","github.com/specterops/bloodhound/cmd/api/src/api/TestWriteErrorResponse_V2","TestWriteErrorResponse_V2"
"Test cases for TestClearCache_HA","0","TestClearCache_HA","","Thu Apr 30 00:55:04 UTC 2026","passed","Thu Apr 30 00:55:04 UTC 2026","","Go Test","github.com/specterops/bloodhound/cmd/api/src/daemons/changelog/TestClearCache_HA","TestClearCache_HA"
"","843","displays validation error messages when password does not match confirmation","PasswordDialog","Thu Apr 30 00:56:39 UTC 2026","passed","Thu Apr 30 00:56:40 UTC 2026","","","",""
"","59","passes checks if the user has multiple required permissions","usePermissions","Thu Apr 30 00:58:00 UTC 2026","passed","Thu Apr 30 00:58:00 UTC 2026","","","",""
"","319","should display a ""Configure Multi-Factor Authentication"" modal","UserProfile","Thu Apr 30 00:58:08 UTC 2026","passed","Thu Apr 30 00:58:08 UTC 2026","","""Multi-Factor Authentication"" switch","",""
"","367","renders the popup content with run, edit/share, and delete when the menu trigger","ListItemActionMenu","Thu Apr 30 00:59:31 UTC 2026","passed","Thu Apr 30 00:59:32 UTC 2026","","","",""
"","107","initializes search tab to node search if the exploreSearchTab is not a supported tab name on first render","ExploreSearch sets searchType on tab changing","Thu Apr 30 01:01:34 UTC 2026","passed","Thu Apr 30 01:01:35 UTC 2026","","","",""
"","383","renders a non-primary button as expected","DropdownSelector","Thu Apr 30 00:59:47 UTC 2026","passed","Thu Apr 30 00:59:47 UTC 2026","","","",""
"Test cases for TestTracker_HasEdge_PropertyChangeDetectedAsDeletion","0","TestTracker_HasEdge_PropertyChangeDetectedAsDeletion","","Thu Apr 30 00:55:28 UTC 2026","passed","Thu Apr 30 00:55:28 UTC 2026","","Go Test","github.com/specterops/bloodhound/packages/go/analysis/post/TestTracker_HasEdge_PropertyChangeDetectedAsDeletion","TestTracker_HasEdge_PropertyChangeDetectedAsDeletion"
"Test cases for TestResources_CreateSavedQuery_EmptyBody","0","TestResources_CreateSavedQuery_EmptyBody","","Thu Apr 30 00:55:03 UTC 2026","passed","Thu Apr 30 00:55:03 UTC 2026","","Go Test","github.com/specterops/bloodhound/cmd/api/src/api/v2/TestResources_CreateSavedQuery_EmptyBody","TestResources_CreateSavedQuery_EmptyBody"
"","939","should render an update user form","UpdateUserDialog","Thu Apr 30 00:56:49 UTC 2026","passed","Thu Apr 30 00:56:50 UTC 2026","","","",""
"Test cases for TestCacheEntryDigester_DigestEndpoint_DefaultObjectID","0","TestCacheEntryDigester_DigestEndpoint_DefaultObjectID","","Thu Apr 30 00:55:11 UTC 2026","passed","Thu Apr 30 00:55:11 UTC 2026","","Go Test","github.com/specterops/bloodhound/cmd/api/src/services/graphify/endpoint/TestCacheEntryDigester_DigestEndpoint_DefaultObjectID","TestCacheEntryDigester_DigestEndpoint_DefaultObjectID"
"Test cases for TestConvertAzureSubscriptionContributorToRels","0","TestConvertAzureSubscriptionContributorToRels","","Thu Apr 30 00:55:29 UTC 2026","passed","Thu Apr 30 00:55:29 UTC 2026","","Go Test","github.com/specterops/bloodhound/packages/go/ein/TestConvertAzureSubscriptionContributorToRels","TestConvertAzureSubscriptionContributorToRels"
"","258","should disable Cancel and Save buttons while isLoading is true","UpdateUserDialog","Thu Apr 30 00:56:54 UTC 2026","passed","Thu Apr 30 00:56:54 UTC 2026","","","",""
"","221","Displays a notification when analysis has been requested successfully","AnalyzeNowConfiguration","Thu Apr 30 00:58:14 UTC 2026","passed","Thu Apr 30 00:58:14 UTC 2026","","","",""
"","125","displays an error message","GraphView","Thu Apr 30 01:01:48 UTC 2026","passed","Thu Apr 30 01:01:48 UTC 2026","","","",""
"Test cases for TestResources_GetSearchResult_ETAC","44","TestResources_GetSearchResult_ETAC","","Thu Apr 30 00:55:03 UTC 2026","passed","Thu Apr 30 00:55:03 UTC 2026","","Go Test","github.com/specterops/bloodhound/cmd/api/src/api/v2/TestResources_GetSearchResult_ETAC","TestResources_GetSearchResult_ETAC"
"","589","calls delete mutation when confirm button is clicked with correct input","ActiveExtensionsCard","Thu Apr 30 00:56:28 UTC 2026","passed","Thu Apr 30 00:56:29 UTC 2026","","","",""
"","0","should handle an entity that has no name property","Evaluating the entity display name from a given entity","Thu Apr 30 00:57:49 UTC 2026","passed","Thu Apr 30 00:57:49 UTC 2026","","","",""
"","1","returns the same nodes from the graphData","getExploreTableData","Thu Apr 30 00:58:57 UTC 2026","passed","Thu Apr 30 00:58:57 UTC 2026","","","",""
"","6","does not render when selector data is not defined","Delete Selector Button rendering","Thu Apr 30 01:00:43 UTC 2026","passed","Thu Apr 30 01:00:43 UTC 2026","","","",""
"","0","returns the distance between two coordinates","getDistanceBetween","Thu Apr 30 01:02:12 UTC 2026","passed","Thu Apr 30 01:02:12 UTC 2026","","","",""
"","17","displays a status label","StatusIndicator","Thu Apr 30 01:00:55 UTC 2026","passed","Thu Apr 30 01:00:55 UTC 2026","","","",""
"","792","disables confirm button until extension name is typed correctly","ActiveExtensionsCard","Thu Apr 30 00:56:27 UTC 2026","passed","Thu Apr 30 00:56:28 UTC 2026","","","",""
"Test cases for TestGenericMap","0","TestGenericMap","","Thu Apr 30 00:55:28 UTC 2026","passed","Thu Apr 30 00:55:28 UTC 2026","","Go Test","github.com/specterops/bloodhound/cmd/api/src/utils/TestGenericMap","TestGenericMap"
"Test cases for TestBoolIsZero","0","TestBoolIsZero","","Thu Apr 30 00:55:06 UTC 2026","passed","Thu Apr 30 00:55:06 UTC 2026","","Go Test","github.com/specterops/bloodhound/cmd/api/src/database/types/null/TestBoolIsZero","TestBoolIsZero"
"Test cases for TestResources_BuildDeleteRequest","7","TestResources_BuildDeleteRequest","","Thu Apr 30 00:55:03 UTC 2026","passed","Thu Apr 30 00:55:03 UTC 2026","","Go Test","github.com/specterops/bloodhound/cmd/api/src/api/v2/TestResources_BuildDeleteRequest","TestResources_BuildDeleteRequest"
"","1","filters by user-provided platform","filterAndSearchEnvironments","Thu Apr 30 00:56:19 UTC 2026","passed","Thu Apr 30 00:56:19 UTC 2026","","platform filters","",""
"Test cases for TestTextUnmarshalString","0","TestTextUnmarshalString","","Thu Apr 30 00:55:06 UTC 2026","passed","Thu Apr 30 00:55:06 UTC 2026","","Go Test","github.com/specterops/bloodhound/cmd/api/src/database/types/null/TestTextUnmarshalString","TestTextUnmarshalString"
"","122","calls onConfirm when confirm button clicked","EarlyAccessFeaturesWarningDialog","Thu Apr 30 01:02:14 UTC 2026","passed","Thu Apr 30 01:02:14 UTC 2026","","","",""
"Test cases for TestRoleAssignments_NodeHasRole","0","TestRoleAssignments_NodeHasRole","","Thu Apr 30 00:55:28 UTC 2026","passed","Thu Apr 30 00:55:28 UTC 2026","","Go Test","github.com/specterops/bloodhound/packages/go/analysis/azure/TestRoleAssignments_NodeHasRole","TestRoleAssignments_NodeHasRole"
"","778","should call onSave when Save button is clicked and form input is valid","CreateUserDialog","Thu Apr 30 00:56:41 UTC 2026","passed","Thu Apr 30 00:56:41 UTC 2026","","","",""
"","6736","checking a subcategory updates all children (edge types) in its group","Pathfinding","Thu Apr 30 00:56:50 UTC 2026","passed","Thu Apr 30 00:56:57 UTC 2026","","","",""
"","595","has status filters","FileIngestFilterDialog","Thu Apr 30 00:57:28 UTC 2026","passed","Thu Apr 30 00:57:28 UTC 2026","","Status Select","",""
"","1","should include a tag with only the matching operations when the path matches","opsFilter","Thu Apr 30 01:00:02 UTC 2026","passed","Thu Apr 30 01:00:02 UTC 2026","","","",""
"Test cases for TestLoginResource_Logout","6","TestLoginResource_Logout","","Thu Apr 30 00:55:48 UTC 2026","passed","Thu Apr 30 00:55:48 UTC 2026","","Go Test","github.com/specterops/bloodhound/cmd/api/src/api/v2/auth/TestLoginResource_Logout","TestLoginResource_Logout"
"Test cases for TestDisenrollMFA_Failure","0","TestDisenrollMFA_Failure","","Thu Apr 30 00:55:37 UTC 2026","passed","Thu Apr 30 00:55:37 UTC 2026","","Go Test","github.com/specterops/bloodhound/cmd/api/src/api/v2/auth/TestDisenrollMFA_Failure","TestDisenrollMFA_Failure"
"","68","renders the title passed via title prop","ColumnHeaders","Thu Apr 30 00:58:52 UTC 2026","passed","Thu Apr 30 00:58:52 UTC 2026","","BaseColumnHeader","",""
"Test cases for TestResources_GetEdgeComposition","117","TestResources_GetEdgeComposition","","Thu Apr 30 00:55:03 UTC 2026","passed","Thu Apr 30 00:55:03 UTC 2026","","Go Test","github.com/specterops/bloodhound/cmd/api/src/api/v2/TestResources_GetEdgeComposition","TestResources_GetEdgeComposition"
"Test cases for TestTimeEqual","0","TestTimeEqual","","Thu Apr 30 00:55:06 UTC 2026","passed","Thu Apr 30 00:55:06 UTC 2026","","Go Test","github.com/specterops/bloodhound/cmd/api/src/database/types/null/TestTimeEqual","TestTimeEqual"
"","1","returns a function that takes a key found in updatedParams and updates the searchParams with that matching value from updatedParams","searchParams","Thu Apr 30 00:59:30 UTC 2026","passed","Thu Apr 30 00:59:30 UTC 2026","","setSingleParamFactory","",""
"Test cases for TestRewriter_Enter_AzureAttackPathsShortcut_ReplacesKinds","0","TestRewriter_Enter_AzureAttackPathsShortcut_ReplacesKinds","","Thu Apr 30 00:55:08 UTC 2026","passed","Thu Apr 30 00:55:08 UTC 2026","","Go Test","github.com/specterops/bloodhound/cmd/api/src/queries/TestRewriter_Enter_AzureAttackPathsShortcut_ReplacesKinds","TestRewriter_Enter_AzureAttackPathsShortcut_ReplacesKinds"
"","62","correctly handles the hygiene ID with value 0 by not omitting it in the params value even though 0 is falsey","usePZQueryParams","Thu Apr 30 00:59:12 UTC 2026","passed","Thu Apr 30 00:59:12 UTC 2026","","","",""
"","187","has the correct value for the links in the breadcrumbs","Create Update pages","Thu Apr 30 00:59:59 UTC 2026","passed","Thu Apr 30 00:59:59 UTC 2026","","","",""
"","233","renders a snackbar notification in the dom and tests the long autoHideDuration","AppNotifications","Thu Apr 30 00:59:46 UTC 2026","passed","Thu Apr 30 00:59:46 UTC 2026","","","",""
"","9","should handle special characters","HighlightedText","Thu Apr 30 01:00:19 UTC 2026","passed","Thu Apr 30 01:00:19 UTC 2026","","","",""
"","10","should render when search string is in the middle of the text","HighlightedText","Thu Apr 30 01:00:19 UTC 2026","passed","Thu Apr 30 01:00:19 UTC 2026","","","",""
"","2279","when user performs a pathfinding search, and then clicks the swap button, the start and destination inputs are swapped","Pathfinding: interaction","Thu Apr 30 00:58:20 UTC 2026","passed","Thu Apr 30 00:58:23 UTC 2026","","","",""
"Test cases for TestResources_ShareSavedQueriesPermissions_SavingPermissionsErrors","6","TestResources_ShareSavedQueriesPermissions_SavingPermissionsErrors","","Thu Apr 30 00:55:03 UTC 2026","passed","Thu Apr 30 00:55:03 UTC 2026","","Go Test","github.com/specterops/bloodhound/cmd/api/src/api/v2/TestResources_ShareSavedQueriesPermissions_SavingPermissionsErrors","TestResources_ShareSavedQueriesPermissions_SavingPermissionsErrors"
"Test cases for TestMatches_FailureModel","0","TestMatches_FailureModel","","Thu Apr 30 00:55:07 UTC 2026","passed","Thu Apr 30 00:55:07 UTC 2026","","Go Test","github.com/specterops/bloodhound/cmd/api/src/model/TestMatches_FailureModel","TestMatches_FailureModel"
"Test cases for TestResources_ListADGPOAffectedComputers","0","TestResources_ListADGPOAffectedComputers","","Thu Apr 30 00:55:03 UTC 2026","passed","Thu Apr 30 00:55:03 UTC 2026","","Go Test","github.com/specterops/bloodhound/cmd/api/src/api/v2/TestResources_ListADGPOAffectedComputers","TestResources_ListADGPOAffectedComputers"
"Test cases for TestResources_UpdateAssetGroupSelectors_GetAssetGroupError","0","TestResources_UpdateAssetGroupSelectors_GetAssetGroupError","","Thu Apr 30 00:55:03 UTC 2026","passed","Thu Apr 30 00:55:03 UTC 2026","","Go Test","github.com/specterops/bloodhound/cmd/api/src/api/v2/TestResources_UpdateAssetGroupSelectors_GetAssetGroupError","TestResources_UpdateAssetGroupSelectors_GetAssetGroupError"
"Test cases for TestNormalizeToUTF8_LargeInput","0","TestNormalizeToUTF8_LargeInput","","Thu Apr 30 00:55:29 UTC 2026","passed","Thu Apr 30 00:55:29 UTC 2026","","Go Test","github.com/specterops/bloodhound/packages/go/bomenc/TestNormalizeToUTF8_LargeInput","TestNormalizeToUTF8_LargeInput"
"Test cases for TestService","0","TestService","","Thu Apr 30 00:55:09 UTC 2026","passed","Thu Apr 30 00:55:09 UTC 2026","","Go Test","github.com/specterops/bloodhound/cmd/api/src/services/dogtags/TestService","TestService"
"Test cases for Test_hasCycle","1","Test_hasCycle","","Thu Apr 30 00:55:30 UTC 2026","passed","Thu Apr 30 00:55:30 UTC 2026","","Go Test","github.com/specterops/bloodhound/packages/go/lab/Test_hasCycle","Test_hasCycle"
"Test cases for TestNewDefaultConfig","0","TestNewDefaultConfig","","Thu Apr 30 00:55:04 UTC 2026","passed","Thu Apr 30 00:55:04 UTC 2026","","Go Test","github.com/specterops/bloodhound/cmd/api/src/config/TestNewDefaultConfig","TestNewDefaultConfig"
"","573","displays current password error messages when current password is empty","PasswordDialog","Thu Apr 30 00:56:40 UTC 2026","passed","Thu Apr 30 00:56:40 UTC 2026","","","",""
"Test cases for TestResources_UpdateSavedQuery_Admin_NonPublicQuery","0","TestResources_UpdateSavedQuery_Admin_NonPublicQuery","","Thu Apr 30 00:55:03 UTC 2026","passed","Thu Apr 30 00:55:03 UTC 2026","","Go Test","github.com/specterops/bloodhound/cmd/api/src/api/v2/TestResources_UpdateSavedQuery_Admin_NonPublicQuery","TestResources_UpdateSavedQuery_Admin_NonPublicQuery"
"Test cases for TestManagementResource_ListRoles_SortingError","0","TestManagementResource_ListRoles_SortingError","","Thu Apr 30 00:55:09 UTC 2026","passed","Thu Apr 30 00:55:09 UTC 2026","","Go Test","github.com/specterops/bloodhound/cmd/api/src/api/v2/auth/TestManagementResource_ListRoles_SortingError","TestManagementResource_ListRoles_SortingError"
"","152","should fire Cancel once with false","ConfirmationDialog","Thu Apr 30 01:00:51 UTC 2026","passed","Thu Apr 30 01:00:51 UTC 2026","","","",""
"Test cases for TestArgon2Digest_String","0","TestArgon2Digest_String","","Thu Apr 30 00:55:29 UTC 2026","passed","Thu Apr 30 00:55:29 UTC 2026","","Go Test","github.com/specterops/bloodhound/packages/go/crypto/TestArgon2Digest_String","TestArgon2Digest_String"
"","68","populates the node search field when the 'primarySearch' query param is set","useNodeSearch","Thu Apr 30 01:00:06 UTC 2026","passed","Thu Apr 30 01:00:06 UTC 2026","","","",""
"","373","should call ""onSave"" one time","Enable2FADialog","Thu Apr 30 00:59:42 UTC 2026","passed","Thu Apr 30 00:59:42 UTC 2026","user clicks ""Disable Multi-Factor Authentication"" button","user enters valid password","",""
"Test cases for TestMarshalFloat","0","TestMarshalFloat","","Thu Apr 30 00:55:06 UTC 2026","passed","Thu Apr 30 00:55:06 UTC 2026","","Go Test","github.com/specterops/bloodhound/cmd/api/src/database/types/null/TestMarshalFloat","TestMarshalFloat"
"Test cases for TestGenericClone","2","TestGenericClone","","Thu Apr 30 00:55:28 UTC 2026","passed","Thu Apr 30 00:55:28 UTC 2026","","Go Test","github.com/specterops/bloodhound/cmd/api/src/utils/TestGenericClone","TestGenericClone"
"Test cases for TestResources_RequestAnalysis","224","TestResources_RequestAnalysis","","Thu Apr 30 00:55:03 UTC 2026","passed","Thu Apr 30 00:55:03 UTC 2026","","Go Test","github.com/specterops/bloodhound/cmd/api/src/api/v2/TestResources_RequestAnalysis","TestResources_RequestAnalysis"
"","1","should compute coordinates along a quadratic bezier curve for a given t value","bezier","Thu Apr 30 01:01:54 UTC 2026","passed","Thu Apr 30 01:01:54 UTC 2026","","","",""
"","0","returns the difference between the node and the position","getNodeOffset","Thu Apr 30 01:02:12 UTC 2026","passed","Thu Apr 30 01:02:12 UTC 2026","","","",""
"","966","filling in the name value allows updating the rule and navigates back to the details page","Rule Form","Thu Apr 30 00:56:26 UTC 2026","passed","Thu Apr 30 00:56:27 UTC 2026","","","",""
"Test cases for TestTagScanner_NextTopLevelTag","0","TestTagScanner_NextTopLevelTag","","Thu Apr 30 00:55:11 UTC 2026","passed","Thu Apr 30 00:55:11 UTC 2026","","Go Test","github.com/specterops/bloodhound/cmd/api/src/services/upload/TestTagScanner_NextTopLevelTag","TestTagScanner_NextTopLevelTag"
"","1","does not change the day, month, or year value of the DateTime object","floorToNearestMinute","Thu Apr 30 01:00:21 UTC 2026","passed","Thu Apr 30 01:00:21 UTC 2026","","","",""
"Test cases for TestParseAGMembersFromNodes_","0","TestParseAGMembersFromNodes_","","Thu Apr 30 00:55:03 UTC 2026","passed","Thu Apr 30 00:55:03 UTC 2026","","Go Test","github.com/specterops/bloodhound/cmd/api/src/api/v2/TestParseAGMembersFromNodes_","TestParseAGMembersFromNodes_"
"","0","returns disabled config when any required param is falsey","useExploreGraph","Thu Apr 30 00:57:08 UTC 2026","passed","Thu Apr 30 00:57:08 UTC 2026","relationship search queries","exploreGraphQueryFactory","",""
"Test cases for TestTracker_HasEdge_PropertyMismatchTriggersInsert","0","TestTracker_HasEdge_PropertyMismatchTriggersInsert","","Thu Apr 30 00:55:28 UTC 2026","passed","Thu Apr 30 00:55:28 UTC 2026","","Go Test","github.com/specterops/bloodhound/packages/go/analysis/post/TestTracker_HasEdge_PropertyMismatchTriggersInsert","TestTracker_HasEdge_PropertyMismatchTriggersInsert"
"","335","has date range input filters","FileIngestFilterDialog","Thu Apr 30 00:57:29 UTC 2026","passed","Thu Apr 30 00:57:30 UTC 2026","","Date Range Inputs","",""
"Test cases for TestIntPointer","0","TestIntPointer","","Thu Apr 30 00:55:06 UTC 2026","passed","Thu Apr 30 00:55:06 UTC 2026","","Go Test","github.com/specterops/bloodhound/cmd/api/src/database/types/null/TestIntPointer","TestIntPointer"
"Test cases for TestCache_FillFifo","0","TestCache_FillFifo","","Thu Apr 30 00:55:29 UTC 2026","passed","Thu Apr 30 00:55:29 UTC 2026","","Go Test","github.com/specterops/bloodhound/packages/go/cache/TestCache_FillFifo","TestCache_FillFifo"
"","422","toggles parent from all to none","GraphDataCheckboxes","Thu Apr 30 00:57:02 UTC 2026","passed","Thu Apr 30 00:57:02 UTC 2026","","","",""
"Test cases for TestGraphQuery_PrepareCypherQuery","76","TestGraphQuery_PrepareCypherQuery","","Thu Apr 30 00:55:08 UTC 2026","passed","Thu Apr 30 00:55:08 UTC 2026","","Go Test","github.com/specterops/bloodhound/cmd/api/src/queries/TestGraphQuery_PrepareCypherQuery","TestGraphQuery_PrepareCypherQuery"
"","170","should disable the create provider button and not display providers if the user lacks permission","SSOConfiguration","Thu Apr 30 00:57:51 UTC 2026","passed","Thu Apr 30 00:57:51 UTC 2026","","","",""
"Test cases for Test_SetDependency","0","Test_SetDependency","","Thu Apr 30 00:55:30 UTC 2026","passed","Thu Apr 30 00:55:30 UTC 2026","","Go Test","github.com/specterops/bloodhound/packages/go/lab/Test_SetDependency","Test_SetDependency"
"Test cases for TestTracker_HasEdge_And_DeletedEdges","0","TestTracker_HasEdge_And_DeletedEdges","","Thu Apr 30 00:55:28 UTC 2026","passed","Thu Apr 30 00:55:28 UTC 2026","","Go Test","github.com/specterops/bloodhound/packages/go/analysis/post/TestTracker_HasEdge_And_DeletedEdges","TestTracker_HasEdge_And_DeletedEdges"
"Test cases for TestMinMaxValidator","1","TestMinMaxValidator","","Thu Apr 30 00:55:28 UTC 2026","passed","Thu Apr 30 00:55:28 UTC 2026","","Go Test","github.com/specterops/bloodhound/cmd/api/src/utils/validation/TestMinMaxValidator","TestMinMaxValidator"
"Test cases for TestManagementResource_CreateOIDCProvider","0","TestManagementResource_CreateOIDCProvider","","Thu Apr 30 00:55:48 UTC 2026","passed","Thu Apr 30 00:55:48 UTC 2026","","Go Test","github.com/specterops/bloodhound/cmd/api/src/api/v2/auth/TestManagementResource_CreateOIDCProvider","TestManagementResource_CreateOIDCProvider"
"","341","does not display a “Disable query timeout” checkbox when timeout limit param config is enabled true","ExploreSearch interaction","Thu Apr 30 01:01:38 UTC 2026","passed","Thu Apr 30 01:01:38 UTC 2026","","","",""
"","0","A type was provided but no keyword follows the typed filter","Getting the text for the disabled item display for a search when there are no results","Thu Apr 30 00:59:23 UTC 2026","passed","Thu Apr 30 00:59:23 UTC 2026","","Empty data states","",""
"","268","Displays a notification when an error happened when requesting analysis","AnalyzeNowConfiguration","Thu Apr 30 00:58:13 UTC 2026","passed","Thu Apr 30 00:58:14 UTC 2026","","","",""
"","1","filters by low risk level","filterAndSearchEnvironments","Thu Apr 30 00:56:19 UTC 2026","passed","Thu Apr 30 00:56:19 UTC 2026","","risk filters","",""
"Test cases for TestSavedQueries_GetValidFilterPredicatesAsStrings","0","TestSavedQueries_GetValidFilterPredicatesAsStrings","","Thu Apr 30 00:55:07 UTC 2026","passed","Thu Apr 30 00:55:07 UTC 2026","","Go Test","github.com/specterops/bloodhound/cmd/api/src/model/TestSavedQueries_GetValidFilterPredicatesAsStrings","TestSavedQueries_GetValidFilterPredicatesAsStrings"
"Test cases for Test_PrimaryNodeKind","0","Test_PrimaryNodeKind","","Thu Apr 30 00:55:29 UTC 2026","passed","Thu Apr 30 00:55:29 UTC 2026","","Go Test","github.com/specterops/bloodhound/packages/go/graphschema/Test_PrimaryNodeKind","Test_PrimaryNodeKind"
"Test cases for TestLoginSuccess","0","TestLoginSuccess","","Thu Apr 30 00:55:03 UTC 2026","passed","Thu Apr 30 00:55:03 UTC 2026","","Go Test","github.com/specterops/bloodhound/cmd/api/src/api/v2/auth/TestLoginSuccess","TestLoginSuccess"
"","235","dispatches an action to the delete the associated node","Rule Object Select","Thu Apr 30 00:59:37 UTC 2026","passed","Thu Apr 30 00:59:38 UTC 2026","","","",""
"","355","renders a snackbar notification in the dom and tests autoHideDuration","AppNotifications","Thu Apr 30 00:59:45 UTC 2026","passed","Thu Apr 30 00:59:46 UTC 2026","","","",""
"","2","succeeds for valid password","testPassword","Thu Apr 30 01:01:04 UTC 2026","passed","Thu Apr 30 01:01:04 UTC 2026","","","",""
"","2","treats a missing key as null when computing the next value","useLocalStorage","Thu Apr 30 00:58:13 UTC 2026","passed","Thu Apr 30 00:58:13 UTC 2026","","functional updater","",""
"Test cases for TestRewriter_Enter_CombinedADAndAzureShortcut_PreservesOrder","0","TestRewriter_Enter_CombinedADAndAzureShortcut_PreservesOrder","","Thu Apr 30 00:55:08 UTC 2026","passed","Thu Apr 30 00:55:08 UTC 2026","","Go Test","github.com/specterops/bloodhound/cmd/api/src/queries/TestRewriter_Enter_CombinedADAndAzureShortcut_PreservesOrder","TestRewriter_Enter_CombinedADAndAzureShortcut_PreservesOrder"
"","56","applies empty state height when no results","ActiveExtensionsCard","Thu Apr 30 00:56:26 UTC 2026","passed","Thu Apr 30 00:56:26 UTC 2026","","","",""
"","450","should call onClose when cancel button is clicked","SaveQueryDialog","Thu Apr 30 00:56:06 UTC 2026","passed","Thu Apr 30 00:56:07 UTC 2026","","","",""
"Test cases for TestBuildErrorResponseInternalServerError","0","TestBuildErrorResponseInternalServerError","","Thu Apr 30 00:54:53 UTC 2026","passed","Thu Apr 30 00:54:53 UTC 2026","","Go Test","github.com/specterops/bloodhound/cmd/api/src/api/TestBuildErrorResponseInternalServerError","TestBuildErrorResponseInternalServerError"
"Test cases for TestResources_UpdateAssetGroupSelectors_SuccessOwned","0","TestResources_UpdateAssetGroupSelectors_SuccessOwned","","Thu Apr 30 00:55:03 UTC 2026","passed","Thu Apr 30 00:55:03 UTC 2026","","Go Test","github.com/specterops/bloodhound/cmd/api/src/api/v2/TestResources_UpdateAssetGroupSelectors_SuccessOwned","TestResources_UpdateAssetGroupSelectors_SuccessOwned"
"","194","calls onChange with all columns when ""Select All"" is clicked","ManageColumnsComboBox","Thu Apr 30 00:57:43 UTC 2026","passed","Thu Apr 30 00:57:43 UTC 2026","","","",""
"","402","renders no asset group edit options without graph write permissions","ContextMenu","Thu Apr 30 00:57:34 UTC 2026","passed","Thu Apr 30 00:57:35 UTC 2026","","","",""
"Test cases for TestIsDeadlockError","4","TestIsDeadlockError","","Thu Apr 30 00:55:04 UTC 2026","passed","Thu Apr 30 00:55:04 UTC 2026","","Go Test","github.com/specterops/bloodhound/cmd/api/src/daemons/changelog/TestIsDeadlockError","TestIsDeadlockError"
"","112","initializes the list with all filters checked by default","usePathfindingFilters","Thu Apr 30 01:00:28 UTC 2026","passed","Thu Apr 30 01:00:28 UTC 2026","","","",""
"","231","should eventually display list of tokens","UserTokenManagementDialog","Thu Apr 30 00:57:32 UTC 2026","passed","Thu Apr 30 00:57:32 UTC 2026","","","",""
"Test cases for TestJSONFloat_MarshalJSON_NaN","0","TestJSONFloat_MarshalJSON_NaN","","Thu Apr 30 00:55:06 UTC 2026","passed","Thu Apr 30 00:55:06 UTC 2026","","Go Test","github.com/specterops/bloodhound/cmd/api/src/database/types/nan/TestJSONFloat_MarshalJSON_NaN","TestJSONFloat_MarshalJSON_NaN"
"Test cases for TestAssetGroupSelectorSpec_Validate","0","TestAssetGroupSelectorSpec_Validate","","Thu Apr 30 00:55:07 UTC 2026","passed","Thu Apr 30 00:55:07 UTC 2026","","Go Test","github.com/specterops/bloodhound/cmd/api/src/model/TestAssetGroupSelectorSpec_Validate","TestAssetGroupSelectorSpec_Validate"
"","334","should display CreateUserTokenDialog","UserTokenManagementDialog","Thu Apr 30 00:57:33 UTC 2026","passed","Thu Apr 30 00:57:33 UTC 2026","","when user clicks ""Create Token"" button","",""
"","1","floors DateTime objects to the nearest minute","floorToNearestMinute","Thu Apr 30 01:00:21 UTC 2026","passed","Thu Apr 30 01:00:21 UTC 2026","","","",""
"Test cases for TestWriteAndValidateJSON","4","TestWriteAndValidateJSON","","Thu Apr 30 00:55:11 UTC 2026","passed","Thu Apr 30 00:55:11 UTC 2026","","Go Test","github.com/specterops/bloodhound/cmd/api/src/services/upload/TestWriteAndValidateJSON","TestWriteAndValidateJSON"
"","274","Trying to view the edge info does not crash the app when selecting an unrecognized edge","EdgeInfoContent","Thu Apr 30 00:56:25 UTC 2026","passed","Thu Apr 30 00:56:25 UTC 2026","","","",""
"Test cases for TestCache_NewCache","1","TestCache_NewCache","","Thu Apr 30 00:55:29 UTC 2026","passed","Thu Apr 30 00:55:29 UTC 2026","","Go Test","github.com/specterops/bloodhound/packages/go/cache/TestCache_NewCache","TestCache_NewCache"
"","662","calls the passed in cancel handler when clicking the Cancel button","Glyph Select Dialog","Thu Apr 30 01:00:39 UTC 2026","passed","Thu Apr 30 01:00:39 UTC 2026","","","",""
"Test cases for TestGenerateTOTPSecret","2","TestGenerateTOTPSecret","","Thu Apr 30 00:55:03 UTC 2026","passed","Thu Apr 30 00:55:03 UTC 2026","","Go Test","github.com/specterops/bloodhound/cmd/api/src/auth/TestGenerateTOTPSecret","TestGenerateTOTPSecret"
"Test cases for TestFloatScan","0","TestFloatScan","","Thu Apr 30 00:55:06 UTC 2026","passed","Thu Apr 30 00:55:06 UTC 2026","","Go Test","github.com/specterops/bloodhound/cmd/api/src/database/types/null/TestFloatScan","TestFloatScan"
"","470","should display ""Configure Multi-Factor Authentication"" title","Enable2FADialog","Thu Apr 30 00:58:54 UTC 2026","passed","Thu Apr 30 00:58:54 UTC 2026","","","",""
"","0","returns empty array when combined filters match nothing","filterAndSearchEnvironments","Thu Apr 30 00:56:19 UTC 2026","passed","Thu Apr 30 00:56:19 UTC 2026","","combined filters","",""
"Test cases for TestOpenGraphSchemaService_GetEnvironmentKindsAndEnvironmentExtensionDisplayNames","1","TestOpenGraphSchemaService_GetEnvironmentKindsAndEnvironmentExtensionDisplayNames","","Thu Apr 30 00:55:11 UTC 2026","passed","Thu Apr 30 00:55:11 UTC 2026","","Go Test","github.com/specterops/bloodhound/cmd/api/src/services/opengraphschema/TestOpenGraphSchemaService_GetEnvironmentKindsAndEnvironmentExtensionDisplayNames","TestOpenGraphSchemaService_GetEnvironmentKindsAndEnvironmentExtensionDisplayNames"
"Test cases for TestFeatureFlagManagerPoller","74","TestFeatureFlagManagerPoller","","Thu Apr 30 00:55:04 UTC 2026","passed","Thu Apr 30 00:55:04 UTC 2026","","Go Test","github.com/specterops/bloodhound/cmd/api/src/daemons/changelog/TestFeatureFlagManagerPoller","TestFeatureFlagManagerPoller"
"","90","displays active styles for the selected layout when explore table is enabled","GraphControls","Thu Apr 30 00:57:20 UTC 2026","passed","Thu Apr 30 00:57:20 UTC 2026","","Selecting a layout","",""
"","157","renders enabled Zone and Rule tabs and disabled Object tab","Selected Details Tabs","Thu Apr 30 00:58:22 UTC 2026","passed","Thu Apr 30 00:58:22 UTC 2026","","Selected Details Tabs - Params present","",""
"","2","dispatches a storage event with null newValue when the key is removed","useLocalStorage","Thu Apr 30 00:58:13 UTC 2026","passed","Thu Apr 30 00:58:13 UTC 2026","","storage event synchronisation","",""
"","98","when `selectedItem` is provided, the combobox displays the icon","icon rendering","Thu Apr 30 00:57:56 UTC 2026","passed","Thu Apr 30 00:57:56 UTC 2026","","","",""
"","0","returns false if arrays have different length","areArraysSimilar","Thu Apr 30 01:00:42 UTC 2026","passed","Thu Apr 30 01:00:42 UTC 2026","","","",""
"","0","returns true if value is null","searchParams","Thu Apr 30 00:59:30 UTC 2026","passed","Thu Apr 30 00:59:30 UTC 2026","","isEmptyParam","",""
"","209","clicking an enabled header toggles content (single mode)","<DetailsAccordion />","Thu Apr 30 00:57:42 UTC 2026","passed","Thu Apr 30 00:57:42 UTC 2026","","","",""
"","409","toggles a source kind off from all selected nested graph data options","GraphDataCheckboxes","Thu Apr 30 00:57:03 UTC 2026","passed","Thu Apr 30 00:57:04 UTC 2026","","","",""
"Test cases for TestManagementResource_CreateAuthToken","15166","TestManagementResource_CreateAuthToken","","Thu Apr 30 00:55:33 UTC 2026","passed","Thu Apr 30 00:55:48 UTC 2026","","Go Test","github.com/specterops/bloodhound/cmd/api/src/api/v2/auth/TestManagementResource_CreateAuthToken","TestManagementResource_CreateAuthToken"
"","16","does not show View in Explore if exploreUrl is not supplied","Seed Selection Results","Thu Apr 30 00:57:37 UTC 2026","passed","Thu Apr 30 00:57:37 UTC 2026","","","",""
"","0","The user has yet to type into the search","Getting the text for the disabled item display for a search when there are no results","Thu Apr 30 00:59:23 UTC 2026","passed","Thu Apr 30 00:59:23 UTC 2026","","Empty data states","",""
"","33","selector members refetches on sort change","the useAssetGroupTags utilities","Thu Apr 30 00:57:38 UTC 2026","passed","Thu Apr 30 00:57:38 UTC 2026","","","",""
"","21","renders the tooltip icon when tooltipText prop is passed","ColumnHeaders","Thu Apr 30 00:58:52 UTC 2026","passed","Thu Apr 30 00:58:52 UTC 2026","","SortableHeader with Tooltip","",""
"Test cases for TestConvertDomainToNode_InheritanceHashes","0","TestConvertDomainToNode_InheritanceHashes","","Thu Apr 30 00:55:29 UTC 2026","passed","Thu Apr 30 00:55:29 UTC 2026","","Go Test","github.com/specterops/bloodhound/packages/go/ein/TestConvertDomainToNode_InheritanceHashes","TestConvertDomainToNode_InheritanceHashes"
"","309","On unsuccessful upload, notifies with an error and displays a retry button","SchemaUploadDialog","Thu Apr 30 00:57:22 UTC 2026","passed","Thu Apr 30 00:57:22 UTC 2026","","","",""
"","229","passes item props to Header and Content","<DetailsAccordion />","Thu Apr 30 00:57:41 UTC 2026","passed","Thu Apr 30 00:57:41 UTC 2026","","","",""
"Test cases for Test_setRawValue","0","Test_setRawValue","","Thu Apr 30 00:55:04 UTC 2026","passed","Thu Apr 30 00:55:04 UTC 2026","","Go Test","github.com/specterops/bloodhound/cmd/api/src/config/Test_setRawValue","Test_setRawValue"
"","67","calls onSort when clicked with a tooltip","ColumnHeaders","Thu Apr 30 00:58:53 UTC 2026","passed","Thu Apr 30 00:58:53 UTC 2026","","SortableHeader with Tooltip","",""
"","719","should call onSubmit with email address and password when login button clicked","LoginForm","Thu Apr 30 01:00:24 UTC 2026","passed","Thu Apr 30 01:00:24 UTC 2026","","","",""
"","35","upon selecting a source and destination node, updates the URL with a searchType of 'pathfinding' and the object ids for the source and destination nodes","usePathfindingSearch","Thu Apr 30 00:58:34 UTC 2026","passed","Thu Apr 30 00:58:34 UTC 2026","","","",""
"","121","should display the ""My Profile"" title","UserProfile","Thu Apr 30 00:58:07 UTC 2026","passed","Thu Apr 30 00:58:07 UTC 2026","","","",""
"Test cases for TestManagementResource_ListRoles_PredicateMismatchWithColumn","1","TestManagementResource_ListRoles_PredicateMismatchWithColumn","","Thu Apr 30 00:55:09 UTC 2026","passed","Thu Apr 30 00:55:09 UTC 2026","","Go Test","github.com/specterops/bloodhound/cmd/api/src/api/v2/auth/TestManagementResource_ListRoles_PredicateMismatchWithColumn","TestManagementResource_ListRoles_PredicateMismatchWithColumn"
"Test cases for TestValidateTOTPSecret","0","TestValidateTOTPSecret","","Thu Apr 30 00:55:03 UTC 2026","passed","Thu Apr 30 00:55:03 UTC 2026","","Go Test","github.com/specterops/bloodhound/cmd/api/src/auth/TestValidateTOTPSecret","TestValidateTOTPSecret"
"","805","disables the confirm button until user types required text","Tag Form","Thu Apr 30 00:56:08 UTC 2026","passed","Thu Apr 30 00:56:08 UTC 2026","","","",""
"Test cases for TestManagementResource_DeleteUser_UserNotFound","0","TestManagementResource_DeleteUser_UserNotFound","","Thu Apr 30 00:55:24 UTC 2026","passed","Thu Apr 30 00:55:24 UTC 2026","","Go Test","github.com/specterops/bloodhound/cmd/api/src/api/v2/auth/TestManagementResource_DeleteUser_UserNotFound","TestManagementResource_DeleteUser_UserNotFound"
"","492","displays correct content based on platform filter AD","CommonSearches","Thu Apr 30 00:57:46 UTC 2026","passed","Thu Apr 30 00:57:46 UTC 2026","","","",""
"Test cases for TestResources_ListADDomainContainedOUs","0","TestResources_ListADDomainContainedOUs","","Thu Apr 30 00:55:03 UTC 2026","passed","Thu Apr 30 00:55:03 UTC 2026","","Go Test","github.com/specterops/bloodhound/cmd/api/src/api/v2/TestResources_ListADDomainContainedOUs","TestResources_ListADDomainContainedOUs"
"Test cases for TestResources_ListAcceptedFileUploadTypes","0","TestResources_ListAcceptedFileUploadTypes","","Thu Apr 30 00:55:03 UTC 2026","passed","Thu Apr 30 00:55:03 UTC 2026","","Go Test","github.com/specterops/bloodhound/cmd/api/src/api/v2/TestResources_ListAcceptedFileUploadTypes","TestResources_ListAcceptedFileUploadTypes"
"","5082","calls onExploreMenuCollapse again when user reopens widget and runs another multi-node query","CypherSearch","Thu Apr 30 00:57:08 UTC 2026","passed","Thu Apr 30 00:57:13 UTC 2026","","Minimize explorer page elements when multiple nodes are returned","",""
"","287","clicking a delete button calls deleteHandler","PrebuiltSearchList","Thu Apr 30 00:58:57 UTC 2026","passed","Thu Apr 30 00:58:57 UTC 2026","","","",""
"Test cases for TestCreateUser_ResetPassword","1111","TestCreateUser_ResetPassword","","Thu Apr 30 00:55:15 UTC 2026","passed","Thu Apr 30 00:55:16 UTC 2026","","Go Test","github.com/specterops/bloodhound/cmd/api/src/api/v2/auth/TestCreateUser_ResetPassword","TestCreateUser_ResetPassword"
"Test cases for TestResources_ListAuditLogs_OnlySkip","0","TestResources_ListAuditLogs_OnlySkip","","Thu Apr 30 00:55:03 UTC 2026","passed","Thu Apr 30 00:55:03 UTC 2026","","Go Test","github.com/specterops/bloodhound/cmd/api/src/api/v2/TestResources_ListAuditLogs_OnlySkip","TestResources_ListAuditLogs_OnlySkip"
"Test cases for TestSet","0","TestSet","","Thu Apr 30 00:55:30 UTC 2026","passed","Thu Apr 30 00:55:30 UTC 2026","","Go Test","github.com/specterops/bloodhound/packages/go/lab/internal/TestSet","TestSet"
"","1562","handles posting a mutation","DatabaseManagement","Thu Apr 30 01:01:35 UTC 2026","passed","Thu Apr 30 01:01:37 UTC 2026","","","",""
"Test cases for TestTimePointer","0","TestTimePointer","","Thu Apr 30 00:55:06 UTC 2026","passed","Thu Apr 30 00:55:06 UTC 2026","","Go Test","github.com/specterops/bloodhound/cmd/api/src/database/types/null/TestTimePointer","TestTimePointer"
"","118","does not trigger search for fewer than 3 characters","SearchBar","Thu Apr 30 01:00:52 UTC 2026","passed","Thu Apr 30 01:00:52 UTC 2026","","","",""
"Test cases for TestErrorReadDomainSIDandNameAsString","0","TestErrorReadDomainSIDandNameAsString","","Thu Apr 30 00:55:28 UTC 2026","passed","Thu Apr 30 00:55:28 UTC 2026","","Go Test","github.com/specterops/bloodhound/packages/go/analysis/ad/internal/nodeprops/TestErrorReadDomainSIDandNameAsString","TestErrorReadDomainSIDandNameAsString"
"","260","navigates to all rules when clicking ""All Rules""","RulesAccordion","Thu Apr 30 00:59:02 UTC 2026","passed","Thu Apr 30 00:59:02 UTC 2026","","","",""
"Test cases for TestResources_DeleteAssetGroup","0","TestResources_DeleteAssetGroup","","Thu Apr 30 00:55:03 UTC 2026","passed","Thu Apr 30 00:55:03 UTC 2026","","Go Test","github.com/specterops/bloodhound/cmd/api/src/api/v2/TestResources_DeleteAssetGroup","TestResources_DeleteAssetGroup"
"Test cases for TestEncodingEquality","0","TestEncodingEquality","","Thu Apr 30 00:55:29 UTC 2026","passed","Thu Apr 30 00:55:29 UTC 2026","","Go Test","github.com/specterops/bloodhound/packages/go/bomenc/TestEncodingEquality","TestEncodingEquality"
"Test cases for TestCreateUser_FailureDuplicateEmail","1117","TestCreateUser_FailureDuplicateEmail","","Thu Apr 30 00:55:09 UTC 2026","passed","Thu Apr 30 00:55:10 UTC 2026","","Go Test","github.com/specterops/bloodhound/cmd/api/src/api/v2/auth/TestCreateUser_FailureDuplicateEmail","TestCreateUser_FailureDuplicateEmail"
"","294","displays no search results message when search yields no matches","ActiveExtensionsCard","Thu Apr 30 00:56:25 UTC 2026","passed","Thu Apr 30 00:56:26 UTC 2026","","","",""
"Test cases for TestOverwriteQueryParamIfHeaderAndParamExist","0","TestOverwriteQueryParamIfHeaderAndParamExist","","Thu Apr 30 00:55:28 UTC 2026","passed","Thu Apr 30 00:55:28 UTC 2026","","Go Test","github.com/specterops/bloodhound/cmd/api/src/utils/test/TestOverwriteQueryParamIfHeaderAndParamExist","TestOverwriteQueryParamIfHeaderAndParamExist"
"","121","updates value when a valid date typed","ManagedDatePicker - value","Thu Apr 30 00:58:49 UTC 2026","passed","Thu Apr 30 00:58:49 UTC 2026","","","",""
"","8","removes key from state","useObjectState","Thu Apr 30 01:00:20 UTC 2026","passed","Thu Apr 30 01:00:20 UTC 2026","","","",""
"Test cases for Test_filterAndFormatSearchResults_default","0","Test_filterAndFormatSearchResults_default","","Thu Apr 30 00:55:03 UTC 2026","passed","Thu Apr 30 00:55:03 UTC 2026","","Go Test","github.com/specterops/bloodhound/cmd/api/src/api/v2/Test_filterAndFormatSearchResults_default","Test_filterAndFormatSearchResults_default"
"","1","returns disabled if relationshipQueryItemId does not have a matching sourceId, edgeType, targetId","useExploreGraph","Thu Apr 30 00:57:08 UTC 2026","passed","Thu Apr 30 00:57:08 UTC 2026","composition search queries","exploreGraphQueryFactory","",""
"","3738","expand all button expands all sections after collapsing","Pathfinding","Thu Apr 30 00:57:03 UTC 2026","passed","Thu Apr 30 00:57:07 UTC 2026","","","",""
"","0","returns empty array when environments is undefined","filterAndSearchEnvironments","Thu Apr 30 00:56:19 UTC 2026","passed","Thu Apr 30 00:56:19 UTC 2026","","with empty environments","",""
"","0","isError returns as expected based on all queries combined","queriesAreLoadingOrErrored","Thu Apr 30 01:01:02 UTC 2026","passed","Thu Apr 30 01:01:02 UTC 2026","","","",""
"Test cases for TestExpireUserAuthSecret_Failure","0","TestExpireUserAuthSecret_Failure","","Thu Apr 30 00:55:09 UTC 2026","passed","Thu Apr 30 00:55:09 UTC 2026","","Go Test","github.com/specterops/bloodhound/cmd/api/src/api/v2/auth/TestExpireUserAuthSecret_Failure","TestExpireUserAuthSecret_Failure"
"TestCacheEntryDigester_DigestEndpoint_MatchByProperty tests the sorting and hashinglogic when MatchBy is set to MatchByProperty.","2","TestCacheEntryDigester_DigestEndpoint_MatchByProperty","","Thu Apr 30 00:55:11 UTC 2026","passed","Thu Apr 30 00:55:11 UTC 2026","","Go Test","github.com/specterops/bloodhound/cmd/api/src/services/graphify/endpoint/TestCacheEntryDigester_DigestEndpoint_MatchByProperty","TestCacheEntryDigester_DigestEndpoint_MatchByProperty"
"","4","does not render when selector is default","Delete Selector Button rendering","Thu Apr 30 01:00:43 UTC 2026","passed","Thu Apr 30 01:00:43 UTC 2026","","","",""
"Test cases for TestArgon2Digest_Validate","4","TestArgon2Digest_Validate","","Thu Apr 30 00:55:29 UTC 2026","passed","Thu Apr 30 00:55:29 UTC 2026","","Go Test","github.com/specterops/bloodhound/packages/go/crypto/TestArgon2Digest_Validate","TestArgon2Digest_Validate"
"","8","when password is expired and on password reset page, no redirect occurs","AuthenticatedRoute","Thu Apr 30 01:02:00 UTC 2026","passed","Thu Apr 30 01:02:00 UTC 2026","","","",""
"Test cases for TestManagementResource_GetSAMLProvider","13","TestManagementResource_GetSAMLProvider","","Thu Apr 30 00:55:48 UTC 2026","passed","Thu Apr 30 00:55:48 UTC 2026","","Go Test","github.com/specterops/bloodhound/cmd/api/src/api/v2/auth/TestManagementResource_GetSAMLProvider","TestManagementResource_GetSAMLProvider"
"","297","should render the pathfinding search controls when searchType is pathfinding","ExploreSearch rendering per tab","Thu Apr 30 01:01:32 UTC 2026","passed","Thu Apr 30 01:01:32 UTC 2026","","","",""
"","3634","collapse all button collapses all sections","Pathfinding","Thu Apr 30 00:57:00 UTC 2026","passed","Thu Apr 30 00:57:03 UTC 2026","","","",""
"Test cases for TestQueries_BuildEntityQueryParams_DataTypeCount","0","TestQueries_BuildEntityQueryParams_DataTypeCount","","Thu Apr 30 00:55:08 UTC 2026","passed","Thu Apr 30 00:55:08 UTC 2026","","Go Test","github.com/specterops/bloodhound/cmd/api/src/queries/TestQueries_BuildEntityQueryParams_DataTypeCount","TestQueries_BuildEntityQueryParams_DataTypeCount"
"","79","should not display api key management button","Api Keys","Thu Apr 30 00:58:08 UTC 2026","passed","Thu Apr 30 00:58:08 UTC 2026","","","",""
"","15","does not show the dropdown by default","ManageColumnsComboBox","Thu Apr 30 00:57:42 UTC 2026","passed","Thu Apr 30 00:57:42 UTC 2026","","","",""
"","696","should fire Confirm once with true after typing challenge text","DeleteConfirmationDialog","Thu Apr 30 01:00:33 UTC 2026","passed","Thu Apr 30 01:00:33 UTC 2026","","","",""
"","828","renders a filter search and platform dropdown menu","CommonSearches","Thu Apr 30 00:57:45 UTC 2026","passed","Thu Apr 30 00:57:45 UTC 2026","","","",""
"Test cases for TestManagementResource_DeleteUser_DeleteUserError","1472","TestManagementResource_DeleteUser_DeleteUserError","","Thu Apr 30 00:55:25 UTC 2026","passed","Thu Apr 30 00:55:27 UTC 2026","","Go Test","github.com/specterops/bloodhound/cmd/api/src/api/v2/auth/TestManagementResource_DeleteUser_DeleteUserError","TestManagementResource_DeleteUser_DeleteUserError"
"Test cases for TestQueries_BuildEntityQueryParams_InvalidSkip","0","TestQueries_BuildEntityQueryParams_InvalidSkip","","Thu Apr 30 00:55:08 UTC 2026","passed","Thu Apr 30 00:55:08 UTC 2026","","Go Test","github.com/specterops/bloodhound/cmd/api/src/queries/TestQueries_BuildEntityQueryParams_InvalidSkip","TestQueries_BuildEntityQueryParams_InvalidSkip"
"","13","allows you to cancel filter updates before applying them to the url and reset to the default filter state","usePathfindingFilters","Thu Apr 30 01:00:28 UTC 2026","passed","Thu Apr 30 01:00:28 UTC 2026","","","",""
"","64","returns the full environment for the environmentid passed","useAvailableEnvironments","Thu Apr 30 00:58:35 UTC 2026","passed","Thu Apr 30 00:58:35 UTC 2026","","useSelectedEnvironment","",""
"","340","Displays a modal after clicking Analyze Now button and run analysis after clicking confirm","AnalyzeNowConfiguration","Thu Apr 30 00:58:13 UTC 2026","passed","Thu Apr 30 00:58:13 UTC 2026","","","",""
"","106","should display ""Password"" input","Enable2FADialog","Thu Apr 30 00:59:41 UTC 2026","passed","Thu Apr 30 00:59:41 UTC 2026","","","",""
"Test cases for TestParseLimitQueryParameter_Invalid","0","TestParseLimitQueryParameter_Invalid","","Thu Apr 30 00:55:03 UTC 2026","passed","Thu Apr 30 00:55:03 UTC 2026","","Go Test","github.com/specterops/bloodhound/cmd/api/src/api/v2/TestParseLimitQueryParameter_Invalid","TestParseLimitQueryParameter_Invalid"
"Test cases for FuzzFoldr","0","FuzzFoldr","","Thu Apr 30 00:55:42 UTC 2026","passed","Thu Apr 30 00:55:42 UTC 2026","","Go Test","github.com/specterops/bloodhound/packages/go/slicesext/FuzzFoldr","FuzzFoldr"
"","7","adds new key to state","useObjectState","Thu Apr 30 01:00:20 UTC 2026","passed","Thu Apr 30 01:00:20 UTC 2026","","","",""
"","171","renders the component with all info and switch off","CitrixRDPConfiguration","Thu Apr 30 00:58:00 UTC 2026","passed","Thu Apr 30 00:58:00 UTC 2026","","Initial render","",""
"Test cases for Test_filterAndFormatSearchResults_filterEnvironmentsEmpty","0","Test_filterAndFormatSearchResults_filterEnvironmentsEmpty","","Thu Apr 30 00:55:03 UTC 2026","passed","Thu Apr 30 00:55:03 UTC 2026","","Go Test","github.com/specterops/bloodhound/cmd/api/src/api/v2/Test_filterAndFormatSearchResults_filterEnvironmentsEmpty","Test_filterAndFormatSearchResults_filterEnvironmentsEmpty"
"","244","should handle close event","TagToZoneLabelDialog","Thu Apr 30 00:58:59 UTC 2026","passed","Thu Apr 30 00:59:00 UTC 2026","","","",""
"","51","stores the state of a search term without modifying the query params","useCypherSearch","Thu Apr 30 01:00:36 UTC 2026","passed","Thu Apr 30 01:00:36 UTC 2026","","","",""
"","5","removes a notification","AppNotifications","Thu Apr 30 00:59:45 UTC 2026","passed","Thu Apr 30 00:59:45 UTC 2026","","","",""
"Test cases for TestMaybeSubmitRelationshipUpdate","0","TestMaybeSubmitRelationshipUpdate","","Thu Apr 30 00:55:11 UTC 2026","passed","Thu Apr 30 00:55:11 UTC 2026","","Go Test","github.com/specterops/bloodhound/cmd/api/src/services/graphify/TestMaybeSubmitRelationshipUpdate","TestMaybeSubmitRelationshipUpdate"
"","371","should render saml info provider","SSOProviderTable","Thu Apr 30 00:59:31 UTC 2026","passed","Thu Apr 30 00:59:31 UTC 2026","","","",""
"Test cases for TestResources_ListADOUContainedGroups","0","TestResources_ListADOUContainedGroups","","Thu Apr 30 00:55:03 UTC 2026","passed","Thu Apr 30 00:55:03 UTC 2026","","Go Test","github.com/specterops/bloodhound/cmd/api/src/api/v2/TestResources_ListADOUContainedGroups","TestResources_ListADOUContainedGroups"
"Test cases for TestQueries_GetRequestedType","0","TestQueries_GetRequestedType","","Thu Apr 30 00:55:08 UTC 2026","passed","Thu Apr 30 00:55:08 UTC 2026","","Go Test","github.com/specterops/bloodhound/cmd/api/src/queries/TestQueries_GetRequestedType","TestQueries_GetRequestedType"
"Test cases for TestResources_CreateSavedQuery_DuplicateName","0","TestResources_CreateSavedQuery_DuplicateName","","Thu Apr 30 00:55:03 UTC 2026","passed","Thu Apr 30 00:55:03 UTC 2026","","Go Test","github.com/specterops/bloodhound/cmd/api/src/api/v2/TestResources_CreateSavedQuery_DuplicateName","TestResources_CreateSavedQuery_DuplicateName"
"","143","should fire Confirm once with true","ConfirmationDialog","Thu Apr 30 01:00:51 UTC 2026","passed","Thu Apr 30 01:00:51 UTC 2026","","","",""
"Helper to verify that encodeAnyValue handles standard types correctly","0","TestEncodeAnyValue","","Thu Apr 30 00:55:11 UTC 2026","passed","Thu Apr 30 00:55:11 UTC 2026","","Go Test","github.com/specterops/bloodhound/cmd/api/src/services/graphify/endpoint/TestEncodeAnyValue","TestEncodeAnyValue"
"","2499","should close the edge filtering dialog when user clicks cancel button","EdgeFilter","Thu Apr 30 00:58:41 UTC 2026","passed","Thu Apr 30 00:58:44 UTC 2026","","","",""
"","24","will update the selected filters based on the values stored in query params when the initialize function is called","usePathfindingFilters","Thu Apr 30 01:00:28 UTC 2026","passed","Thu Apr 30 01:00:28 UTC 2026","","","",""
"Test cases for TestConvertAzureRoleEligibilityScheduleInstanceToRel","0","TestConvertAzureRoleEligibilityScheduleInstanceToRel","","Thu Apr 30 00:55:29 UTC 2026","passed","Thu Apr 30 00:55:29 UTC 2026","","Go Test","github.com/specterops/bloodhound/packages/go/ein/TestConvertAzureRoleEligibilityScheduleInstanceToRel","TestConvertAzureRoleEligibilityScheduleInstanceToRel"
"","131","calls onClick when toggle button clicked","EarlyAccessFeatureToggle","Thu Apr 30 01:02:04 UTC 2026","passed","Thu Apr 30 01:02:05 UTC 2026","","","",""
"","1407","handles copying the name","CopyMenuItem","Thu Apr 30 01:01:00 UTC 2026","passed","Thu Apr 30 01:01:01 UTC 2026","","","",""
"","1248","allows switching between the Zones and Labels tabs","Zone Management","Thu Apr 30 00:59:52 UTC 2026","passed","Thu Apr 30 00:59:53 UTC 2026","","","",""
"","757","renders a link to the explore page when member is clicked","GroupManagement","Thu Apr 30 01:01:56 UTC 2026","passed","Thu Apr 30 01:01:57 UTC 2026","","","",""
"","1479","renders correct search elements after keypresses","GraphView","Thu Apr 30 01:01:51 UTC 2026","passed","Thu Apr 30 01:01:52 UTC 2026","","","",""
"Test cases for TestGetPlatformAggregateStats_Success","10","TestGetPlatformAggregateStats_Success","","Thu Apr 30 00:55:03 UTC 2026","passed","Thu Apr 30 00:55:03 UTC 2026","","Go Test","github.com/specterops/bloodhound/cmd/api/src/api/v2/TestGetPlatformAggregateStats_Success","TestGetPlatformAggregateStats_Success"
"","6","returns null if paramValue is +0","useEnvironmentParams","Thu Apr 30 01:01:02 UTC 2026","passed","Thu Apr 30 01:01:02 UTC 2026","","parseEnvironmentAggregation","",""
"Test cases for TestOpenGraphSchemaService_DeleteExtension","2","TestOpenGraphSchemaService_DeleteExtension","","Thu Apr 30 00:55:11 UTC 2026","passed","Thu Apr 30 00:55:11 UTC 2026","","Go Test","github.com/specterops/bloodhound/cmd/api/src/services/opengraphschema/TestOpenGraphSchemaService_DeleteExtension","TestOpenGraphSchemaService_DeleteExtension"
"Test cases for TestManagementResource_ListUsers_SortingError","0","TestManagementResource_ListUsers_SortingError","","Thu Apr 30 00:55:09 UTC 2026","passed","Thu Apr 30 00:55:09 UTC 2026","","Go Test","github.com/specterops/bloodhound/cmd/api/src/api/v2/auth/TestManagementResource_ListUsers_SortingError","TestManagementResource_ListUsers_SortingError"
"","0","returns true if both arrays are empty","areArraysSimilar","Thu Apr 30 01:00:42 UTC 2026","passed","Thu Apr 30 01:00:42 UTC 2026","","","",""
"Test cases for TestDomainSelectors_GetFilterCriteria_InvalidFilterPredicate","0","TestDomainSelectors_GetFilterCriteria_InvalidFilterPredicate","","Thu Apr 30 00:55:07 UTC 2026","passed","Thu Apr 30 00:55:07 UTC 2026","","Go Test","github.com/specterops/bloodhound/cmd/api/src/model/TestDomainSelectors_GetFilterCriteria_InvalidFilterPredicate","TestDomainSelectors_GetFilterCriteria_InvalidFilterPredicate"
"Test cases for TestManagementResource_DeleteUser_BadUserID","1","TestManagementResource_DeleteUser_BadUserID","","Thu Apr 30 00:55:24 UTC 2026","passed","Thu Apr 30 00:55:24 UTC 2026","","Go Test","github.com/specterops/bloodhound/cmd/api/src/api/v2/auth/TestManagementResource_DeleteUser_BadUserID","TestManagementResource_DeleteUser_BadUserID"
"","164","a name value is required to submit the form","Tag Form","Thu Apr 30 00:56:06 UTC 2026","passed","Thu Apr 30 00:56:06 UTC 2026","","","",""
"","68","indicates the code container is scrollable when the code is unwrapped","CodeController","Thu Apr 30 01:00:47 UTC 2026","passed","Thu Apr 30 01:00:47 UTC 2026","","","",""
"","158","invokes handleFilterChange with eq:true when clicked and custom_member filter is off","AssetGroupEdit","Thu Apr 30 00:57:56 UTC 2026","passed","Thu Apr 30 00:57:56 UTC 2026","","Custom Member checkbox filter","",""
"","0","returns false if value is 'string'","searchParams","Thu Apr 30 00:59:30 UTC 2026","passed","Thu Apr 30 00:59:30 UTC 2026","","isEmptyParam","",""
"","0","returns undefined if graphData is null or not a GraphResponse","getExploreTableData","Thu Apr 30 00:58:57 UTC 2026","passed","Thu Apr 30 00:58:57 UTC 2026","","","",""
"","10","shows date placeholder if no hint is given","ManagedDatePicker - placeholders","Thu Apr 30 00:58:49 UTC 2026","passed","Thu Apr 30 00:58:49 UTC 2026","","","",""
"","0","handles empty search string","filterAndSearchEnvironments","Thu Apr 30 00:56:19 UTC 2026","passed","Thu Apr 30 00:56:19 UTC 2026","","search filter","",""
"","134","fires onSelect prop when a result is clicked","SearchCurrentNodes","Thu Apr 30 00:59:08 UTC 2026","passed","Thu Apr 30 00:59:09 UTC 2026","","","",""
"","64","Validate Displays all the Roles","useListDisplayRoles","Thu Apr 30 00:57:27 UTC 2026","passed","Thu Apr 30 00:57:27 UTC 2026","","","",""
"","628","should render inputs, labels, and action buttons","UpsertSAMLProviderForm","Thu Apr 30 00:59:51 UTC 2026","passed","Thu Apr 30 00:59:52 UTC 2026","","","",""
"","1","filters by azure platform","filterAndSearchEnvironments","Thu Apr 30 00:56:19 UTC 2026","passed","Thu Apr 30 00:56:19 UTC 2026","","platform filters","",""
"","169","returns false when no nodes are available","useGraphHasData","Thu Apr 30 01:00:29 UTC 2026","passed","Thu Apr 30 01:00:29 UTC 2026","","","",""
"Test cases for TestAddWhereClauseToNeo4jQuery_NoWhereClause","0","TestAddWhereClauseToNeo4jQuery_NoWhereClause","","Thu Apr 30 00:55:03 UTC 2026","passed","Thu Apr 30 00:55:03 UTC 2026","","Go Test","github.com/specterops/bloodhound/cmd/api/src/api/v2/TestAddWhereClauseToNeo4jQuery_NoWhereClause","TestAddWhereClauseToNeo4jQuery_NoWhereClause"
"","25","should display a badge when role based filtering is true and show filter banner is true","EntityInfoPanel","Thu Apr 30 01:00:06 UTC 2026","passed","Thu Apr 30 01:00:06 UTC 2026","","","",""
"","625","should display Environmental Targeted Access Control panel when showEnvironmentAccessControls prop is true and user role is selected","UpdateUserForm","Thu Apr 30 00:56:15 UTC 2026","passed","Thu Apr 30 00:56:15 UTC 2026","","","",""
"","1119","when user performs a single node search, the selected node carries over to the `start node` input field on the pathfinding tab","ExploreSearch interaction","Thu Apr 30 01:01:35 UTC 2026","passed","Thu Apr 30 01:01:36 UTC 2026","","","",""
"","96","List Display Roles Hook is Loading","useListDisplayRoles","Thu Apr 30 00:57:27 UTC 2026","passed","Thu Apr 30 00:57:27 UTC 2026","","","",""
"","211","shows ""Select All"" when not all columns are selected","ManageColumnsComboBox","Thu Apr 30 00:57:42 UTC 2026","passed","Thu Apr 30 00:57:42 UTC 2026","","","",""
"","1","filters by collected=true when ""yes"" filter is active","filterAndSearchEnvironments","Thu Apr 30 00:56:19 UTC 2026","passed","Thu Apr 30 00:56:19 UTC 2026","","collected filters","",""
"","233","calls onToggleEdgeLabels when click show all edge labels","GraphControls","Thu Apr 30 00:57:19 UTC 2026","passed","Thu Apr 30 00:57:19 UTC 2026","","Toggling labels","",""
"Test cases for TestResources_ListAssetGroups","0","TestResources_ListAssetGroups","","Thu Apr 30 00:55:03 UTC 2026","passed","Thu Apr 30 00:55:03 UTC 2026","","Go Test","github.com/specterops/bloodhound/cmd/api/src/api/v2/TestResources_ListAssetGroups","TestResources_ListAssetGroups"
"Test cases for TestResources_DeleteAssetGroupTagSelector","0","TestResources_DeleteAssetGroupTagSelector","","Thu Apr 30 00:55:03 UTC 2026","passed","Thu Apr 30 00:55:03 UTC 2026","","Go Test","github.com/specterops/bloodhound/cmd/api/src/api/v2/TestResources_DeleteAssetGroupTagSelector","TestResources_DeleteAssetGroupTagSelector"
"","61","renders highlight for the active tag","SelectedHighlight","Thu Apr 30 01:00:09 UTC 2026","passed","Thu Apr 30 01:00:09 UTC 2026","","","",""
"Test cases for TestParseHeaderValues","0","TestParseHeaderValues","","Thu Apr 30 00:54:56 UTC 2026","passed","Thu Apr 30 00:54:56 UTC 2026","","Go Test","github.com/specterops/bloodhound/cmd/api/src/api/middleware/TestParseHeaderValues","TestParseHeaderValues"
"","13","renders highlight only for active selector when ruleId is present","SelectedHighlight","Thu Apr 30 01:00:09 UTC 2026","passed","Thu Apr 30 01:00:09 UTC 2026","","","",""
"Test cases for TestNormalizeToUTF8","0","TestNormalizeToUTF8","","Thu Apr 30 00:55:29 UTC 2026","passed","Thu Apr 30 00:55:29 UTC 2026","","Go Test","github.com/specterops/bloodhound/packages/go/bomenc/TestNormalizeToUTF8","TestNormalizeToUTF8"
"Test cases for TestManagementResource_UpdateUser_UserSelfModify","1165","TestManagementResource_UpdateUser_UserSelfModify","","Thu Apr 30 00:55:21 UTC 2026","passed","Thu Apr 30 00:55:22 UTC 2026","","Go Test","github.com/specterops/bloodhound/cmd/api/src/api/v2/auth/TestManagementResource_UpdateUser_UserSelfModify","TestManagementResource_UpdateUser_UserSelfModify"
"","596","sets exploreSearchTab param to cypher when the user clicks the `cypher` tab","ExploreSearch sets searchType on tab changing","Thu Apr 30 01:01:34 UTC 2026","passed","Thu Apr 30 01:01:34 UTC 2026","","","",""
"","340","Close button click causes the callback function to be called","ExploreTable","Thu Apr 30 00:56:05 UTC 2026","passed","Thu Apr 30 00:56:05 UTC 2026","","","",""
"Test cases for TestContextMiddleware_InvalidWait","13","TestContextMiddleware_InvalidWait","","Thu Apr 30 00:54:56 UTC 2026","passed","Thu Apr 30 00:54:56 UTC 2026","","Go Test","github.com/specterops/bloodhound/cmd/api/src/api/middleware/TestContextMiddleware_InvalidWait","TestContextMiddleware_InvalidWait"
"","277","does not render an edit form for the selected asset group when a user does not have graph write permissions","GroupManagement","Thu Apr 30 01:01:54 UTC 2026","passed","Thu Apr 30 01:01:54 UTC 2026","","","",""
"","1249","renders asset group edit options with graph write permissions","ContextMenu","Thu Apr 30 00:57:33 UTC 2026","passed","Thu Apr 30 00:57:34 UTC 2026","","","",""
"Test cases for TestResources_ListADDomainContainedGPOs","0","TestResources_ListADDomainContainedGPOs","","Thu Apr 30 00:55:03 UTC 2026","passed","Thu Apr 30 00:55:03 UTC 2026","","Go Test","github.com/specterops/bloodhound/cmd/api/src/api/v2/TestResources_ListADDomainContainedGPOs","TestResources_ListADDomainContainedGPOs"
"Test cases for TestCacheEntryDigester_DigestEndpoint_MatchByName","0","TestCacheEntryDigester_DigestEndpoint_MatchByName","","Thu Apr 30 00:55:11 UTC 2026","passed","Thu Apr 30 00:55:11 UTC 2026","","Go Test","github.com/specterops/bloodhound/cmd/api/src/services/graphify/endpoint/TestCacheEntryDigester_DigestEndpoint_MatchByName","TestCacheEntryDigester_DigestEndpoint_MatchByName"
"Test cases for TestChangeCache","0","TestChangeCache","","Thu Apr 30 00:55:04 UTC 2026","passed","Thu Apr 30 00:55:04 UTC 2026","","Go Test","github.com/specterops/bloodhound/cmd/api/src/daemons/changelog/TestChangeCache","TestChangeCache"
"Test cases for TestResources_GetShortestPath","11","TestResources_GetShortestPath","","Thu Apr 30 00:55:03 UTC 2026","passed","Thu Apr 30 00:55:03 UTC 2026","","Go Test","github.com/specterops/bloodhound/cmd/api/src/api/v2/TestResources_GetShortestPath","TestResources_GetShortestPath"
"","376","sets a primarySearch=id and searchType=node when secondarySearch is falsey","ContextMenu","Thu Apr 30 00:57:35 UTC 2026","passed","Thu Apr 30 00:57:35 UTC 2026","","","",""
"","2159","handles delete by source kind","DatabaseManagement","Thu Apr 30 01:01:37 UTC 2026","passed","Thu Apr 30 01:01:39 UTC 2026","","","",""
"Test cases for TestResources_ListAuditLogs_InvalidSkip","0","TestResources_ListAuditLogs_InvalidSkip","","Thu Apr 30 00:55:03 UTC 2026","passed","Thu Apr 30 00:55:03 UTC 2026","","Go Test","github.com/specterops/bloodhound/cmd/api/src/api/v2/TestResources_ListAuditLogs_InvalidSkip","TestResources_ListAuditLogs_InvalidSkip"
"","82","disables the JSON button if the JSON is empty","GraphControls","Thu Apr 30 00:57:20 UTC 2026","passed","Thu Apr 30 00:57:20 UTC 2026","","Exporting json","",""
"","2","adds email filter if madeBy contains ""@""","createHistoryParams","Thu Apr 30 01:00:12 UTC 2026","passed","Thu Apr 30 01:00:12 UTC 2026","","","",""
"","301","calls handleError with ruleType when creating a rule fails","Rule Form","Thu Apr 30 00:56:31 UTC 2026","passed","Thu Apr 30 00:56:31 UTC 2026","","","",""
"Test cases for TestMarshalTime","0","TestMarshalTime","","Thu Apr 30 00:55:06 UTC 2026","passed","Thu Apr 30 00:55:06 UTC 2026","","Go Test","github.com/specterops/bloodhound/cmd/api/src/database/types/null/TestMarshalTime","TestMarshalTime"
"","8","fully replaces state","useObjectState","Thu Apr 30 01:00:20 UTC 2026","passed","Thu Apr 30 01:00:20 UTC 2026","","","",""
"Test cases for TestUnmarshalInt64OverflowToInt64","0","TestUnmarshalInt64OverflowToInt64","","Thu Apr 30 00:55:06 UTC 2026","passed","Thu Apr 30 00:55:06 UTC 2026","","Go Test","github.com/specterops/bloodhound/cmd/api/src/database/types/null/TestUnmarshalInt64OverflowToInt64","TestUnmarshalInt64OverflowToInt64"
"","38","selector members refetches on envrionment change","the useAssetGroupTags utilities","Thu Apr 30 00:57:38 UTC 2026","passed","Thu Apr 30 00:57:38 UTC 2026","","","",""
"","293","a timeout response from the server is handled","ExploreSearchCombobox with search timeout","Thu Apr 30 00:57:56 UTC 2026","passed","Thu Apr 30 00:57:56 UTC 2026","","","",""
"Copyright 2021 The Go Authors. All rights reserved.TestConcat was ripped from go1.22 source and should be replaced with the stdlib implementation when we move to 1.22Original source: https:","0","TestConcat_too_large","","Thu Apr 30 00:55:42 UTC 2026","passed","Thu Apr 30 00:55:42 UTC 2026","","Go Test","github.com/specterops/bloodhound/packages/go/slicesext/TestConcat_too_large","TestConcat_too_large"
"","18","should not render if open === false","ConfirmUpdateQueryDialog","Thu Apr 30 01:00:41 UTC 2026","passed","Thu Apr 30 01:00:41 UTC 2026","","","",""
"Test cases for TestResources_CreateSavedQuery_CreateFailure","0","TestResources_CreateSavedQuery_CreateFailure","","Thu Apr 30 00:55:03 UTC 2026","passed","Thu Apr 30 00:55:03 UTC 2026","","Go Test","github.com/specterops/bloodhound/cmd/api/src/api/v2/TestResources_CreateSavedQuery_CreateFailure","TestResources_CreateSavedQuery_CreateFailure"
"","780","should not allow the input to exceed the allowed length","UpdateUserForm","Thu Apr 30 00:56:12 UTC 2026","passed","Thu Apr 30 00:56:13 UTC 2026","","","",""
"","7","removes multiple keys from state","useObjectState","Thu Apr 30 01:00:20 UTC 2026","passed","Thu Apr 30 01:00:20 UTC 2026","","","",""
"Test cases for TestManagementResource_UpdateUser_IDMalformed","993","TestManagementResource_UpdateUser_IDMalformed","","Thu Apr 30 00:55:16 UTC 2026","passed","Thu Apr 30 00:55:17 UTC 2026","","Go Test","github.com/specterops/bloodhound/cmd/api/src/api/v2/auth/TestManagementResource_UpdateUser_IDMalformed","TestManagementResource_UpdateUser_IDMalformed"
"","380","AZRole information panel will not display a section for PIM Assignments","EntityInfoContent","Thu Apr 30 00:58:47 UTC 2026","passed","Thu Apr 30 00:58:48 UTC 2026","","","",""
"Test cases for TestUnmarshalInt","0","TestUnmarshalInt","","Thu Apr 30 00:55:06 UTC 2026","passed","Thu Apr 30 00:55:06 UTC 2026","","Go Test","github.com/specterops/bloodhound/cmd/api/src/database/types/null/TestUnmarshalInt","TestUnmarshalInt"
"Test cases for TestManagementResource_ServeMetadata","14","TestManagementResource_ServeMetadata","","Thu Apr 30 00:55:48 UTC 2026","passed","Thu Apr 30 00:55:48 UTC 2026","","Go Test","github.com/specterops/bloodhound/cmd/api/src/api/v2/auth/TestManagementResource_ServeMetadata","TestManagementResource_ServeMetadata"
"Test cases for TestUnmarshalNonIntegerNumberToInt64","0","TestUnmarshalNonIntegerNumberToInt64","","Thu Apr 30 00:55:06 UTC 2026","passed","Thu Apr 30 00:55:06 UTC 2026","","Go Test","github.com/specterops/bloodhound/cmd/api/src/database/types/null/TestUnmarshalNonIntegerNumberToInt64","TestUnmarshalNonIntegerNumberToInt64"
"","7","shows ""no permission"" notification if lacking permission","useFinishedJobs","Thu Apr 30 00:58:28 UTC 2026","passed","Thu Apr 30 00:58:28 UTC 2026","","","",""
"Test cases for TestGC_Start","1002","TestGC_Start","","Thu Apr 30 00:55:04 UTC 2026","passed","Thu Apr 30 00:55:05 UTC 2026","","Go Test","github.com/specterops/bloodhound/cmd/api/src/daemons/gc/TestGC_Start","TestGC_Start"
"","219","allows a user to upload a single file and displays its name in the dialog","SchemaUploadDialog","Thu Apr 30 00:57:21 UTC 2026","passed","Thu Apr 30 00:57:21 UTC 2026","","","",""
"","68","should have a .z-nav class","MainNav","Thu Apr 30 00:58:13 UTC 2026","passed","Thu Apr 30 00:58:13 UTC 2026","","","",""
"","0","returns disabled config when any required param is falsey","useExploreGraph","Thu Apr 30 00:57:08 UTC 2026","passed","Thu Apr 30 00:57:08 UTC 2026","composition search queries","exploreGraphQueryFactory","",""
"Test cases for TestServeHTTP_Success","0","TestServeHTTP_Success","","Thu Apr 30 00:54:56 UTC 2026","passed","Thu Apr 30 00:54:56 UTC 2026","","Go Test","github.com/specterops/bloodhound/cmd/api/src/api/middleware/TestServeHTTP_Success","TestServeHTTP_Success"
"","0","Origin label and sizing are used when specified","copySigmaNodesToGraphlibGraph","Thu Apr 30 01:01:59 UTC 2026","passed","Thu Apr 30 01:01:59 UTC 2026","","","",""
"","9","should not render when data is present","NoDataDialog","Thu Apr 30 01:01:01 UTC 2026","passed","Thu Apr 30 01:01:01 UTC 2026","","","",""
"","371","displays 0 when a given sections returns empty, and sums the rest of the sections correctly","EntityInfoDataTableGraphed","Thu Apr 30 00:58:04 UTC 2026","passed","Thu Apr 30 00:58:05 UTC 2026","","Node count for nested table that counts all sections","",""
"Test cases for TestManagementResource_ListUsers_InvalidColumn","0","TestManagementResource_ListUsers_InvalidColumn","","Thu Apr 30 00:55:09 UTC 2026","passed","Thu Apr 30 00:55:09 UTC 2026","","Go Test","github.com/specterops/bloodhound/cmd/api/src/api/v2/auth/TestManagementResource_ListUsers_InvalidColumn","TestManagementResource_ListUsers_InvalidColumn"
"","23","returns Rule Object counts when there is a Tag and a Rule selected (tagId and ruleId are in path params)","useObjectCounts","Thu Apr 30 01:00:36 UTC 2026","passed","Thu Apr 30 01:00:36 UTC 2026","","","",""
"","66","displays the checkbox as checked if the filter params value is 'true'","AssetGroupEdit","Thu Apr 30 00:57:55 UTC 2026","passed","Thu Apr 30 00:57:55 UTC 2026","","Custom Member checkbox filter","",""
"","18","should display hidden label for hidden edge","EdgeInfoHeader","Thu Apr 30 00:59:41 UTC 2026","passed","Thu Apr 30 00:59:41 UTC 2026","","","",""
"","358","calls onToggleNodeLabels when click show all node labels","GraphControls","Thu Apr 30 00:57:18 UTC 2026","passed","Thu Apr 30 00:57:19 UTC 2026","","Toggling labels","",""
"","0","The data is fetching","Getting the text for the disabled item display for a search when there are no results","Thu Apr 30 00:59:23 UTC 2026","passed","Thu Apr 30 00:59:23 UTC 2026","","Loading states","",""
"Test cases for TestEncodingValues","0","TestEncodingValues","","Thu Apr 30 00:55:29 UTC 2026","passed","Thu Apr 30 00:55:29 UTC 2026","","Go Test","github.com/specterops/bloodhound/packages/go/bomenc/TestEncodingValues","TestEncodingValues"
"","361","should display correctly","DeleteConfirmationDialog","Thu Apr 30 01:00:32 UTC 2026","passed","Thu Apr 30 01:00:32 UTC 2026","","","",""
"","79","when `selectedItem` is null, the combobox does not display an icon","icon rendering","Thu Apr 30 00:57:56 UTC 2026","passed","Thu Apr 30 00:57:56 UTC 2026","","","",""
"","860","clicking checkbox will remove error if present","DatabaseManagement","Thu Apr 30 01:01:33 UTC 2026","passed","Thu Apr 30 01:01:34 UTC 2026","","","",""
"Test cases for TestAddWhereClauseToNeo4jQuery_WithWhereClause","0","TestAddWhereClauseToNeo4jQuery_WithWhereClause","","Thu Apr 30 00:55:03 UTC 2026","passed","Thu Apr 30 00:55:03 UTC 2026","","Go Test","github.com/specterops/bloodhound/cmd/api/src/api/v2/TestAddWhereClauseToNeo4jQuery_WithWhereClause","TestAddWhereClauseToNeo4jQuery_WithWhereClause"
"","267","validates that the name input is under the max length","Tag Form","Thu Apr 30 00:56:06 UTC 2026","passed","Thu Apr 30 00:56:06 UTC 2026","","","",""
"Test cases for TestQueryParameterFilterParser_ParseQueryParameterFilter","0","TestQueryParameterFilterParser_ParseQueryParameterFilter","","Thu Apr 30 00:55:07 UTC 2026","passed","Thu Apr 30 00:55:07 UTC 2026","","Go Test","github.com/specterops/bloodhound/cmd/api/src/model/TestQueryParameterFilterParser_ParseQueryParameterFilter","TestQueryParameterFilterParser_ParseQueryParameterFilter"
"","9","navigates to the specified route with global params intact when triggered by a splat route","AppNavigate","Thu Apr 30 00:59:49 UTC 2026","passed","Thu Apr 30 00:59:49 UTC 2026","","","",""
"Test cases for Test_FixtureTeardown","0","Test_FixtureTeardown","","Thu Apr 30 00:55:30 UTC 2026","passed","Thu Apr 30 00:55:30 UTC 2026","","Go Test","github.com/specterops/bloodhound/packages/go/lab/Test_FixtureTeardown","Test_FixtureTeardown"
"Test cases for TestResources_ListADGroupMembers","0","TestResources_ListADGroupMembers","","Thu Apr 30 00:55:03 UTC 2026","passed","Thu Apr 30 00:55:03 UTC 2026","","Go Test","github.com/specterops/bloodhound/cmd/api/src/api/v2/TestResources_ListADGroupMembers","TestResources_ListADGroupMembers"
"","252","shows all extensions when search is cleared","ActiveExtensionsCard","Thu Apr 30 00:56:26 UTC 2026","passed","Thu Apr 30 00:56:26 UTC 2026","","","",""
"Test cases for TestManagementResource_UpdateUser_GetRolesError","1153","TestManagementResource_UpdateUser_GetRolesError","","Thu Apr 30 00:55:18 UTC 2026","passed","Thu Apr 30 00:55:19 UTC 2026","","Go Test","github.com/specterops/bloodhound/cmd/api/src/api/v2/auth/TestManagementResource_UpdateUser_GetRolesError","TestManagementResource_UpdateUser_GetRolesError"
"","96","should call onLoginViaSAML when login via sso button clicked","LoginForm","Thu Apr 30 01:00:24 UTC 2026","passed","Thu Apr 30 01:00:24 UTC 2026","","","",""
"Test cases for TestSetValuesFromEnv","0","TestSetValuesFromEnv","","Thu Apr 30 00:55:04 UTC 2026","passed","Thu Apr 30 00:55:04 UTC 2026","","Go Test","github.com/specterops/bloodhound/cmd/api/src/config/TestSetValuesFromEnv","TestSetValuesFromEnv"
"Test cases for TestDatabase_GetAssetGroupTag","0","TestDatabase_GetAssetGroupTag","","Thu Apr 30 00:55:03 UTC 2026","passed","Thu Apr 30 00:55:03 UTC 2026","","Go Test","github.com/specterops/bloodhound/cmd/api/src/api/v2/TestDatabase_GetAssetGroupTag","TestDatabase_GetAssetGroupTag"
"Test cases for TestParseDomainTrusts_TrustAttributes","0","TestParseDomainTrusts_TrustAttributes","","Thu Apr 30 00:55:29 UTC 2026","passed","Thu Apr 30 00:55:29 UTC 2026","","Go Test","github.com/specterops/bloodhound/packages/go/ein/TestParseDomainTrusts_TrustAttributes","TestParseDomainTrusts_TrustAttributes"
"Test cases for TestFloatPointer","0","TestFloatPointer","","Thu Apr 30 00:55:06 UTC 2026","passed","Thu Apr 30 00:55:06 UTC 2026","","Go Test","github.com/specterops/bloodhound/cmd/api/src/database/types/null/TestFloatPointer","TestFloatPointer"
"Test cases for TestTracker_HasEdge_NilVsEmptyProperties","0","TestTracker_HasEdge_NilVsEmptyProperties","","Thu Apr 30 00:55:28 UTC 2026","passed","Thu Apr 30 00:55:28 UTC 2026","","Go Test","github.com/specterops/bloodhound/packages/go/analysis/post/TestTracker_HasEdge_NilVsEmptyProperties","TestTracker_HasEdge_NilVsEmptyProperties"
"Test cases for TestParseSkipQueryParameter","0","TestParseSkipQueryParameter","","Thu Apr 30 00:55:03 UTC 2026","passed","Thu Apr 30 00:55:03 UTC 2026","","Go Test","github.com/specterops/bloodhound/cmd/api/src/api/v2/TestParseSkipQueryParameter","TestParseSkipQueryParameter"
"Test cases for TestManagementResource_ListRoles_InvalidFilterPredicate","0","TestManagementResource_ListRoles_InvalidFilterPredicate","","Thu Apr 30 00:55:09 UTC 2026","passed","Thu Apr 30 00:55:09 UTC 2026","","Go Test","github.com/specterops/bloodhound/cmd/api/src/api/v2/auth/TestManagementResource_ListRoles_InvalidFilterPredicate","TestManagementResource_ListRoles_InvalidFilterPredicate"
"","223","should display ""Close"" button","UserTokenManagementDialog","Thu Apr 30 00:57:32 UTC 2026","passed","Thu Apr 30 00:57:32 UTC 2026","","","",""
"","902","should call onSave when save button is clicked","SaveQueryDialog","Thu Apr 30 00:56:07 UTC 2026","passed","Thu Apr 30 00:56:08 UTC 2026","","","",""
"","253","handles creating a new zone","Tag Form","Thu Apr 30 00:56:07 UTC 2026","passed","Thu Apr 30 00:56:07 UTC 2026","","","",""
"","5","does not return when label limit is not reached","useTagLimits","Thu Apr 30 00:56:35 UTC 2026","passed","Thu Apr 30 00:56:35 UTC 2026","","","",""
"Test cases for TestManagementResource_ListUsers_DBError","0","TestManagementResource_ListUsers_DBError","","Thu Apr 30 00:55:09 UTC 2026","passed","Thu Apr 30 00:55:09 UTC 2026","","Go Test","github.com/specterops/bloodhound/cmd/api/src/api/v2/auth/TestManagementResource_ListUsers_DBError","TestManagementResource_ListUsers_DBError"
"Test cases for TestResources_ListADEntityDCOMRights","0","TestResources_ListADEntityDCOMRights","","Thu Apr 30 00:55:03 UTC 2026","passed","Thu Apr 30 00:55:03 UTC 2026","","Go Test","github.com/specterops/bloodhound/cmd/api/src/api/v2/TestResources_ListADEntityDCOMRights","TestResources_ListADEntityDCOMRights"
"Test cases for TestResources_ListEdgeTypes","126","TestResources_ListEdgeTypes","","Thu Apr 30 00:55:03 UTC 2026","passed","Thu Apr 30 00:55:03 UTC 2026","","Go Test","github.com/specterops/bloodhound/cmd/api/src/api/v2/TestResources_ListEdgeTypes","TestResources_ListEdgeTypes"
"","56","passes data to testing component","SavedQueriesProvider","Thu Apr 30 01:00:45 UTC 2026","passed","Thu Apr 30 01:00:45 UTC 2026","","","",""
"","67","sets primarySearch, searchType, exploreSearchTab in URL params when the click handler is executed","useEdgeInfoItems","Thu Apr 30 00:59:19 UTC 2026","passed","Thu Apr 30 00:59:19 UTC 2026","","","",""
"","734","should initiate data loading when an item is selected","Simple Environment Selector","Thu Apr 30 00:58:07 UTC 2026","passed","Thu Apr 30 00:58:07 UTC 2026","","","",""
"Test cases for TestParseUserIP_XForwardedFor_RemoteAddr","0","TestParseUserIP_XForwardedFor_RemoteAddr","","Thu Apr 30 00:54:56 UTC 2026","passed","Thu Apr 30 00:54:56 UTC 2026","","Go Test","github.com/specterops/bloodhound/cmd/api/src/api/middleware/TestParseUserIP_XForwardedFor_RemoteAddr","TestParseUserIP_XForwardedFor_RemoteAddr"
"","107","buttons are disabled while loading","LoginForm","Thu Apr 30 01:00:24 UTC 2026","passed","Thu Apr 30 01:00:25 UTC 2026","","","",""
"","90","should on clicking collapse all remove expandedPanelSections param from url and set isObjectInfoPanelOpen in context to false","EdgeInfoHeader","Thu Apr 30 00:59:41 UTC 2026","passed","Thu Apr 30 00:59:41 UTC 2026","","","",""
"Test cases for TestContextMiddleware_InvalidWaitLessThanZero","0","TestContextMiddleware_InvalidWaitLessThanZero","","Thu Apr 30 00:54:56 UTC 2026","passed","Thu Apr 30 00:54:56 UTC 2026","","Go Test","github.com/specterops/bloodhound/cmd/api/src/api/middleware/TestContextMiddleware_InvalidWaitLessThanZero","TestContextMiddleware_InvalidWaitLessThanZero"
"","69","indicates that filters are inactive","AssetGroupEdit","Thu Apr 30 00:57:54 UTC 2026","passed","Thu Apr 30 00:57:54 UTC 2026","","","",""
"Test cases for Test_AuthMiddleware","0","Test_AuthMiddleware","","Thu Apr 30 00:54:56 UTC 2026","passed","Thu Apr 30 00:54:56 UTC 2026","","Go Test","github.com/specterops/bloodhound/cmd/api/src/api/middleware/Test_AuthMiddleware","Test_AuthMiddleware"
"Test cases for TestResources_GetComputerEntityInfo","0","TestResources_GetComputerEntityInfo","","Thu Apr 30 00:55:03 UTC 2026","passed","Thu Apr 30 00:55:03 UTC 2026","","Go Test","github.com/specterops/bloodhound/cmd/api/src/api/v2/TestResources_GetComputerEntityInfo","TestResources_GetComputerEntityInfo"
"Test cases for TestResources_GetGroupEntityInfo","0","TestResources_GetGroupEntityInfo","","Thu Apr 30 00:55:03 UTC 2026","passed","Thu Apr 30 00:55:03 UTC 2026","","Go Test","github.com/specterops/bloodhound/cmd/api/src/api/v2/TestResources_GetGroupEntityInfo","TestResources_GetGroupEntityInfo"
"","301","renders an error message without throwing a TypeError","EntityInfoCollapsibleSection","Thu Apr 30 01:00:33 UTC 2026","passed","Thu Apr 30 01:00:33 UTC 2026","","","",""
"","857","dark mode should persist between logging in and out","redux store","Thu Apr 30 01:02:06 UTC 2026","passed","Thu Apr 30 01:02:07 UTC 2026","","","",""
"Test cases for TestArgon2_ParseDigest","0","TestArgon2_ParseDigest","","Thu Apr 30 00:55:29 UTC 2026","passed","Thu Apr 30 00:55:29 UTC 2026","","Go Test","github.com/specterops/bloodhound/packages/go/crypto/TestArgon2_ParseDigest","TestArgon2_ParseDigest"
"","15","renders note content when currentNote is present","HistoryNotes Component","Thu Apr 30 01:00:46 UTC 2026","passed","Thu Apr 30 01:00:46 UTC 2026","","","",""
"Test cases for TestInvalidValueError","0","TestInvalidValueError","","Thu Apr 30 00:55:29 UTC 2026","passed","Thu Apr 30 00:55:29 UTC 2026","","Go Test","github.com/specterops/bloodhound/packages/go/cache/TestInvalidValueError","TestInvalidValueError"
"","0","fails for password without lowercase letters","testPassword","Thu Apr 30 01:01:04 UTC 2026","passed","Thu Apr 30 01:01:04 UTC 2026","","","",""
"","1","filters by critical risk level","filterAndSearchEnvironments","Thu Apr 30 00:56:19 UTC 2026","passed","Thu Apr 30 00:56:19 UTC 2026","","risk filters","",""
"","1","runs a cypher search when the query param is set to ""cypher""","useExploreGraph","Thu Apr 30 00:57:08 UTC 2026","passed","Thu Apr 30 00:57:08 UTC 2026","","exploreGraphQueryFactory","",""
"","0","returns false if value is {}","searchParams","Thu Apr 30 00:59:30 UTC 2026","passed","Thu Apr 30 00:59:30 UTC 2026","","isEmptyParam","",""
"Test cases for TestRewriter_Enter_UpdatingClauseSetsHasMutation","0","TestRewriter_Enter_UpdatingClauseSetsHasMutation","","Thu Apr 30 00:55:08 UTC 2026","passed","Thu Apr 30 00:55:08 UTC 2026","","Go Test","github.com/specterops/bloodhound/cmd/api/src/queries/TestRewriter_Enter_UpdatingClauseSetsHasMutation","TestRewriter_Enter_UpdatingClauseSetsHasMutation"
"","0","returns paramValue as EnvironmentAggregation if paramValue is azure","useEnvironmentParams","Thu Apr 30 01:01:02 UTC 2026","passed","Thu Apr 30 01:01:02 UTC 2026","","parseEnvironmentAggregation","",""
"Test cases for TestRequestWaitDuration","0","TestRequestWaitDuration","","Thu Apr 30 00:54:56 UTC 2026","passed","Thu Apr 30 00:54:56 UTC 2026","","Go Test","github.com/specterops/bloodhound/cmd/api/src/api/middleware/TestRequestWaitDuration","TestRequestWaitDuration"
"Test cases for TestManagementResource_OIDCCallbackHandler","6","TestManagementResource_OIDCCallbackHandler","","Thu Apr 30 00:55:48 UTC 2026","passed","Thu Apr 30 00:55:48 UTC 2026","","Go Test","github.com/specterops/bloodhound/cmd/api/src/api/v2/auth/TestManagementResource_OIDCCallbackHandler","TestManagementResource_OIDCCallbackHandler"
"","1","should compute offset vertices for bezier curves at a given intersection","bezier","Thu Apr 30 01:01:54 UTC 2026","passed","Thu Apr 30 01:01:54 UTC 2026","","","",""
"Test cases for TestResources_ShareSavedQueriesPermissions_Admin","0","TestResources_ShareSavedQueriesPermissions_Admin","","Thu Apr 30 00:55:03 UTC 2026","passed","Thu Apr 30 00:55:03 UTC 2026","","Go Test","github.com/specterops/bloodhound/cmd/api/src/api/v2/TestResources_ShareSavedQueriesPermissions_Admin","TestResources_ShareSavedQueriesPermissions_Admin"
"","73","Calls the cypher search endpoint for a node with a type that is not in our schema","EntityObjectInformation","Thu Apr 30 00:58:48 UTC 2026","passed","Thu Apr 30 00:58:48 UTC 2026","","","",""
"","691","should hide Environmental Targeted Access Control panel when showEnvironmentAccessControls prop is true and admin role is selected","UpdateUserForm","Thu Apr 30 00:56:16 UTC 2026","passed","Thu Apr 30 00:56:17 UTC 2026","","","",""
"","523","renders trigger button and dropdown items","TagToZoneLabel","Thu Apr 30 00:56:15 UTC 2026","passed","Thu Apr 30 00:56:15 UTC 2026","","","",""
"Test cases for TestBoolValueOrZero","0","TestBoolValueOrZero","","Thu Apr 30 00:55:06 UTC 2026","passed","Thu Apr 30 00:55:06 UTC 2026","","Go Test","github.com/specterops/bloodhound/cmd/api/src/database/types/null/TestBoolValueOrZero","TestBoolValueOrZero"
"","83","clicking a disabled header does not toggle content","<DetailsAccordion />","Thu Apr 30 00:57:41 UTC 2026","passed","Thu Apr 30 00:57:42 UTC 2026","","","",""
"Test cases for TestResources_ListADDomainContainedUsers","6","TestResources_ListADDomainContainedUsers","","Thu Apr 30 00:55:03 UTC 2026","passed","Thu Apr 30 00:55:03 UTC 2026","","Go Test","github.com/specterops/bloodhound/cmd/api/src/api/v2/TestResources_ListADDomainContainedUsers","TestResources_ListADDomainContainedUsers"
"","4176","should clear state when logout action is dispatched","redux store","Thu Apr 30 01:02:02 UTC 2026","passed","Thu Apr 30 01:02:06 UTC 2026","","","",""
"","7","can composes search params from the search prop and use them in the redirect","AppNavigate","Thu Apr 30 00:59:49 UTC 2026","passed","Thu Apr 30 00:59:49 UTC 2026","","","",""
"Test cases for Test_filterAndFormatSearchResults_filterEnvironments_tenantIDFail","0","Test_filterAndFormatSearchResults_filterEnvironments_tenantIDFail","","Thu Apr 30 00:55:03 UTC 2026","passed","Thu Apr 30 00:55:03 UTC 2026","","Go Test","github.com/specterops/bloodhound/cmd/api/src/api/v2/Test_filterAndFormatSearchResults_filterEnvironments_tenantIDFail","Test_filterAndFormatSearchResults_filterEnvironments_tenantIDFail"
"Test cases for TestIntEqual","0","TestIntEqual","","Thu Apr 30 00:55:06 UTC 2026","passed","Thu Apr 30 00:55:06 UTC 2026","","Go Test","github.com/specterops/bloodhound/cmd/api/src/database/types/null/TestIntEqual","TestIntEqual"
"","946","should hide Environmental Targeted Access Control panel when showEnvironmentAccessControls prop is true and power user role is selected","UpdateUserForm","Thu Apr 30 00:56:15 UTC 2026","passed","Thu Apr 30 00:56:16 UTC 2026","","","",""
"","147","shows ""<10 Days to Expire"" warning when token expires within 10 days","UserTokenManagementDialog - API Expiration Date column","Thu Apr 30 00:57:34 UTC 2026","passed","Thu Apr 30 00:57:34 UTC 2026","","","",""
"","206","renders","EarlyAccessFeatureToggle","Thu Apr 30 01:02:04 UTC 2026","passed","Thu Apr 30 01:02:04 UTC 2026","","","",""
"","8","renders without label when label is empty string","StatusIndicator","Thu Apr 30 01:00:55 UTC 2026","passed","Thu Apr 30 01:00:55 UTC 2026","","","",""
"","1","maps cypher 504 errors to timeout messaging","useExploreGraph","Thu Apr 30 00:57:08 UTC 2026","passed","Thu Apr 30 00:57:08 UTC 2026","","exploreGraphQueryFactory","",""
"","50","Gets focus on keyboard shortcut","SearchBar","Thu Apr 30 01:00:52 UTC 2026","passed","Thu Apr 30 01:00:52 UTC 2026","","","",""
"Test cases for TestResources_PreviewSelectors","0","TestResources_PreviewSelectors","","Thu Apr 30 00:55:03 UTC 2026","passed","Thu Apr 30 00:55:03 UTC 2026","","Go Test","github.com/specterops/bloodhound/cmd/api/src/api/v2/TestResources_PreviewSelectors","TestResources_PreviewSelectors"
"Test cases for TestResources_GetAZRelatedEntities","162","TestResources_GetAZRelatedEntities","","Thu Apr 30 00:55:03 UTC 2026","passed","Thu Apr 30 00:55:03 UTC 2026","","Go Test","github.com/specterops/bloodhound/cmd/api/src/api/v2/TestResources_GetAZRelatedEntities","TestResources_GetAZRelatedEntities"
"","471","triggers a file download when a download button is clicked","DownloadCollectors","Thu Apr 30 01:01:40 UTC 2026","passed","Thu Apr 30 01:01:41 UTC 2026","","","",""
"Test cases for TestContextMiddlewareBypassDisabled","0","TestContextMiddlewareBypassDisabled","","Thu Apr 30 00:54:56 UTC 2026","passed","Thu Apr 30 00:54:56 UTC 2026","","Go Test","github.com/specterops/bloodhound/cmd/api/src/api/middleware/TestContextMiddlewareBypassDisabled","TestContextMiddlewareBypassDisabled"
"","438","navigates to object details when clicking an object row","ObjectsAccordion","Thu Apr 30 00:59:05 UTC 2026","passed","Thu Apr 30 00:59:05 UTC 2026","","","",""
"","0","The node radius is adjusted to take into account the current camera zoom ratio","getNodeRadius","Thu Apr 30 01:02:04 UTC 2026","passed","Thu Apr 30 01:02:04 UTC 2026","","","",""
"","559","should sort by type","SSOProviderTable","Thu Apr 30 00:59:36 UTC 2026","passed","Thu Apr 30 00:59:37 UTC 2026","","","",""
"Test cases for TestResources_ListExtensions","115","TestResources_ListExtensions","","Thu Apr 30 00:55:03 UTC 2026","passed","Thu Apr 30 00:55:03 UTC 2026","","Go Test","github.com/specterops/bloodhound/cmd/api/src/api/v2/TestResources_ListExtensions","TestResources_ListExtensions"
"","384","renders no asset group edit options without graph write permissions","ContextMenu","Thu Apr 30 01:01:45 UTC 2026","passed","Thu Apr 30 01:01:46 UTC 2026","","","",""
"Test cases for TestResources_ListAuditLogs_Filtered","0","TestResources_ListAuditLogs_Filtered","","Thu Apr 30 00:55:03 UTC 2026","passed","Thu Apr 30 00:55:03 UTC 2026","","Go Test","github.com/specterops/bloodhound/cmd/api/src/api/v2/TestResources_ListAuditLogs_Filtered","TestResources_ListAuditLogs_Filtered"
"","261","renders the form for editing an existing zone","Tag Form","Thu Apr 30 00:56:05 UTC 2026","passed","Thu Apr 30 00:56:05 UTC 2026","","","",""
"","0","properly displays bitwise integers","Formatting number properties","Thu Apr 30 00:57:49 UTC 2026","passed","Thu Apr 30 00:57:49 UTC 2026","","","",""
"Test cases for TestManagementResource_ListUsers_InvalidFilterPredicate","0","TestManagementResource_ListUsers_InvalidFilterPredicate","","Thu Apr 30 00:55:09 UTC 2026","passed","Thu Apr 30 00:55:09 UTC 2026","","Go Test","github.com/specterops/bloodhound/cmd/api/src/api/v2/auth/TestManagementResource_ListUsers_InvalidFilterPredicate","TestManagementResource_ListUsers_InvalidFilterPredicate"
"","3","returns true if value is undefined","searchParams","Thu Apr 30 00:59:30 UTC 2026","passed","Thu Apr 30 00:59:30 UTC 2026","","isEmptyParam","",""
"","99","collapses an open item when its header is clicked again","<DetailsAccordion />","Thu Apr 30 00:57:42 UTC 2026","passed","Thu Apr 30 00:57:42 UTC 2026","","","",""
"Test cases for TestParseUserIP_RemoteAddrOnly","0","TestParseUserIP_RemoteAddrOnly","","Thu Apr 30 00:54:56 UTC 2026","passed","Thu Apr 30 00:54:56 UTC 2026","","Go Test","github.com/specterops/bloodhound/cmd/api/src/api/middleware/TestParseUserIP_RemoteAddrOnly","TestParseUserIP_RemoteAddrOnly"
"","0","reports an Object ID-specific error when creating a rule and ruleType is SeedTypeObjectId and seeds are required","handleError","Thu Apr 30 00:57:24 UTC 2026","passed","Thu Apr 30 00:57:24 UTC 2026","","","",""
"","187","calls onClose when user clicks cancel","PasswordDialog","Thu Apr 30 00:56:38 UTC 2026","passed","Thu Apr 30 00:56:38 UTC 2026","","","",""
"","18","tag members refetches on environment change","the useAssetGroupTags utilities","Thu Apr 30 00:57:38 UTC 2026","passed","Thu Apr 30 00:57:38 UTC 2026","","","",""
"","741","renders a button that expands the filter section","AssetGroupEdit","Thu Apr 30 00:57:53 UTC 2026","passed","Thu Apr 30 00:57:54 UTC 2026","","","",""
"","64","should hide Environmental Targeted Access Control panel when showEnvironmentAccessControls prop is false","CreateUserForm","Thu Apr 30 00:57:15 UTC 2026","passed","Thu Apr 30 00:57:15 UTC 2026","","","",""
"Test cases for TestDisenrollMFA_Admin_Success","3864","TestDisenrollMFA_Admin_Success","","Thu Apr 30 00:55:38 UTC 2026","passed","Thu Apr 30 00:55:42 UTC 2026","","Go Test","github.com/specterops/bloodhound/cmd/api/src/api/v2/auth/TestDisenrollMFA_Admin_Success","TestDisenrollMFA_Admin_Success"
"Test cases for TestIntFromPtr","0","TestIntFromPtr","","Thu Apr 30 00:55:06 UTC 2026","passed","Thu Apr 30 00:55:06 UTC 2026","","Go Test","github.com/specterops/bloodhound/cmd/api/src/database/types/null/TestIntFromPtr","TestIntFromPtr"
"Copyright 2021 The Go Authors. All rights reserved.TestConcat was ripped from go1.22 source and should be replaced with the stdlib implementation when we move to 1.22Original source: https:","2","TestConcat","","Thu Apr 30 00:55:42 UTC 2026","passed","Thu Apr 30 00:55:42 UTC 2026","","Go Test","github.com/specterops/bloodhound/packages/go/slicesext/TestConcat","TestConcat"
"Test cases for TestManagementResource_ListPermissions_DBError","0","TestManagementResource_ListPermissions_DBError","","Thu Apr 30 00:55:09 UTC 2026","passed","Thu Apr 30 00:55:09 UTC 2026","","Go Test","github.com/specterops/bloodhound/cmd/api/src/api/v2/auth/TestManagementResource_ListPermissions_DBError","TestManagementResource_ListPermissions_DBError"
"","3","Default label and sizing are used when graph of origin does not specify","copySigmaNodesToGraphlibGraph","Thu Apr 30 01:01:59 UTC 2026","passed","Thu Apr 30 01:01:59 UTC 2026","","","",""
"","265","renders the Columns trigger button","ManageColumnsComboBox","Thu Apr 30 00:57:41 UTC 2026","passed","Thu Apr 30 00:57:42 UTC 2026","","","",""
"","138","Calls the `Base` endpoint for a LocalGroup type node","EntityObjectInformation","Thu Apr 30 00:58:48 UTC 2026","passed","Thu Apr 30 00:58:48 UTC 2026","","","",""
"Test cases for TestRequiredValidator","0","TestRequiredValidator","","Thu Apr 30 00:55:28 UTC 2026","passed","Thu Apr 30 00:55:28 UTC 2026","","Go Test","github.com/specterops/bloodhound/cmd/api/src/utils/validation/TestRequiredValidator","TestRequiredValidator"
"Test cases for TestGormLogAdapter_Info","0","TestGormLogAdapter_Info","","Thu Apr 30 00:55:05 UTC 2026","passed","Thu Apr 30 00:55:05 UTC 2026","","Go Test","github.com/specterops/bloodhound/cmd/api/src/database/TestGormLogAdapter_Info","TestGormLogAdapter_Info"
"","10","applies animation class to the title","ProcessingIndicator","Thu Apr 30 01:01:05 UTC 2026","passed","Thu Apr 30 01:01:05 UTC 2026","","","",""
"Test cases for TestWriteTimeWindowedResponse","0","TestWriteTimeWindowedResponse","","Thu Apr 30 00:54:53 UTC 2026","passed","Thu Apr 30 00:54:53 UTC 2026","","Go Test","github.com/specterops/bloodhound/cmd/api/src/api/TestWriteTimeWindowedResponse","TestWriteTimeWindowedResponse"
"","3350","subcategory with duplicate name does not show indeterminate when all its children are unchecked","Pathfinding","Thu Apr 30 00:57:19 UTC 2026","passed","Thu Apr 30 00:57:23 UTC 2026","","","",""
"Test cases for TestSIDSuffix_String","0","TestSIDSuffix_String","","Thu Apr 30 00:55:28 UTC 2026","passed","Thu Apr 30 00:55:28 UTC 2026","","Go Test","github.com/specterops/bloodhound/packages/go/analysis/ad/wellknown/TestSIDSuffix_String","TestSIDSuffix_String"
"","76","sets autoDisplayTable to false if query returns edges","useExploreTableAutoDisplay","Thu Apr 30 01:00:00 UTC 2026","passed","Thu Apr 30 01:00:00 UTC 2026","","","",""
"Test cases for TestSignRequestTeeFailure","2","TestSignRequestTeeFailure","","Thu Apr 30 00:54:53 UTC 2026","passed","Thu Apr 30 00:54:53 UTC 2026","","Go Test","github.com/specterops/bloodhound/cmd/api/src/api/TestSignRequestTeeFailure","TestSignRequestTeeFailure"
"","0","uppercases boolean values","Formatting boolean properties","Thu Apr 30 00:57:49 UTC 2026","passed","Thu Apr 30 00:57:49 UTC 2026","","","",""
"","177","displays a polite message when there are no user updatable features available","EarlyAccessFeatures","Thu Apr 30 01:01:55 UTC 2026","passed","Thu Apr 30 01:01:55 UTC 2026","","","",""
"Test cases for TestResources_CreateAssetGroupTagSelector","7","TestResources_CreateAssetGroupTagSelector","","Thu Apr 30 00:55:03 UTC 2026","passed","Thu Apr 30 00:55:03 UTC 2026","","Go Test","github.com/specterops/bloodhound/cmd/api/src/api/v2/TestResources_CreateAssetGroupTagSelector","TestResources_CreateAssetGroupTagSelector"
"","39","adds a notification - checks values","AppNotifications","Thu Apr 30 00:59:45 UTC 2026","passed","Thu Apr 30 00:59:45 UTC 2026","","","",""
"Test cases for TestGetVersion","0","TestGetVersion","","Thu Apr 30 00:55:03 UTC 2026","passed","Thu Apr 30 00:55:03 UTC 2026","","Go Test","github.com/specterops/bloodhound/cmd/api/src/api/v2/TestGetVersion","TestGetVersion"
"","3740","The password reset dialog is opened when switching a user from SAML based authentication to username/password based authentication","Users","Thu Apr 30 00:58:18 UTC 2026","passed","Thu Apr 30 00:58:22 UTC 2026","","","",""
"Test cases for TestCacheEntryDigester_PoolStateReuse","0","TestCacheEntryDigester_PoolStateReuse","","Thu Apr 30 00:55:11 UTC 2026","passed","Thu Apr 30 00:55:11 UTC 2026","","Go Test","github.com/specterops/bloodhound/cmd/api/src/services/graphify/endpoint/TestCacheEntryDigester_PoolStateReuse","TestCacheEntryDigester_PoolStateReuse"
"Test cases for TestStringIsZero","0","TestStringIsZero","","Thu Apr 30 00:55:06 UTC 2026","passed","Thu Apr 30 00:55:06 UTC 2026","","Go Test","github.com/specterops/bloodhound/cmd/api/src/database/types/null/TestStringIsZero","TestStringIsZero"
"Test cases for TestNewAuditLog_Error","0","TestNewAuditLog_Error","","Thu Apr 30 00:55:05 UTC 2026","passed","Thu Apr 30 00:55:05 UTC 2026","","Go Test","github.com/specterops/bloodhound/cmd/api/src/database/TestNewAuditLog_Error","TestNewAuditLog_Error"
"","362","should not call onSubmit when input is invalid and Submit button is clicked","UpsertSAMLProviderForm","Thu Apr 30 00:59:52 UTC 2026","passed","Thu Apr 30 00:59:53 UTC 2026","","","",""
"","163","renders a single item when items is an object","<DetailsAccordion />","Thu Apr 30 00:57:41 UTC 2026","passed","Thu Apr 30 00:57:41 UTC 2026","","","",""
"Test cases for TestResources_UpdateSavedQuery_OwnPrivateQuery_Success","0","TestResources_UpdateSavedQuery_OwnPrivateQuery_Success","","Thu Apr 30 00:55:03 UTC 2026","passed","Thu Apr 30 00:55:03 UTC 2026","","Go Test","github.com/specterops/bloodhound/cmd/api/src/api/v2/TestResources_UpdateSavedQuery_OwnPrivateQuery_Success","TestResources_UpdateSavedQuery_OwnPrivateQuery_Success"
"Test cases for TestWriteResultRawJson","0","TestWriteResultRawJson","","Thu Apr 30 00:55:28 UTC 2026","passed","Thu Apr 30 00:55:28 UTC 2026","","Go Test","github.com/specterops/bloodhound/cmd/api/src/utils/TestWriteResultRawJson","TestWriteResultRawJson"
"","11","does not show tooltip text by default","ColumnHeaders","Thu Apr 30 00:58:52 UTC 2026","passed","Thu Apr 30 00:58:52 UTC 2026","","SortableHeader with Tooltip","",""
"","3","formats the date string","toFormatted","Thu Apr 30 01:00:21 UTC 2026","passed","Thu Apr 30 01:00:21 UTC 2026","","","",""
"Test cases for Test_UseFixture","3","Test_UseFixture","","Thu Apr 30 00:55:30 UTC 2026","passed","Thu Apr 30 00:55:30 UTC 2026","","Go Test","github.com/specterops/bloodhound/packages/go/lab/Test_UseFixture","Test_UseFixture"
"","19","makes no count request when neither a Tag or Rule is selected (tagId and ruleId are undefined from path params","useObjectCounts","Thu Apr 30 01:00:36 UTC 2026","passed","Thu Apr 30 01:00:36 UTC 2026","","","",""
"Test cases for TestManagementResource_DeleteAuthToken","13","TestManagementResource_DeleteAuthToken","","Thu Apr 30 00:55:48 UTC 2026","passed","Thu Apr 30 00:55:48 UTC 2026","","Go Test","github.com/specterops/bloodhound/cmd/api/src/api/v2/auth/TestManagementResource_DeleteAuthToken","TestManagementResource_DeleteAuthToken"
"","183","renders enabled Label, Rule and Object tabs","Selected Details Tabs","Thu Apr 30 00:58:22 UTC 2026","passed","Thu Apr 30 00:58:22 UTC 2026","","Selected Details Tabs - Params present","",""
"Test cases for Test_UseHooks","0","Test_UseHooks","","Thu Apr 30 00:55:30 UTC 2026","passed","Thu Apr 30 00:55:30 UTC 2026","","Go Test","github.com/specterops/bloodhound/packages/go/lab/Test_UseHooks","Test_UseHooks"
"Test cases for TestResources_SearchAssetGroupTagHistory","192","TestResources_SearchAssetGroupTagHistory","","Thu Apr 30 00:55:03 UTC 2026","passed","Thu Apr 30 00:55:03 UTC 2026","","Go Test","github.com/specterops/bloodhound/cmd/api/src/api/v2/TestResources_SearchAssetGroupTagHistory","TestResources_SearchAssetGroupTagHistory"
"Test cases for TestConvertComputerToNode","0","TestConvertComputerToNode","","Thu Apr 30 00:55:29 UTC 2026","passed","Thu Apr 30 00:55:29 UTC 2026","","Go Test","github.com/specterops/bloodhound/packages/go/ein/TestConvertComputerToNode","TestConvertComputerToNode"
"Test cases for TestResources_GetRootCAEntityInfo","336","TestResources_GetRootCAEntityInfo","","Thu Apr 30 00:55:03 UTC 2026","passed","Thu Apr 30 00:55:03 UTC 2026","","Go Test","github.com/specterops/bloodhound/cmd/api/src/api/v2/TestResources_GetRootCAEntityInfo","TestResources_GetRootCAEntityInfo"
"Test cases for TestParseOptionalBoolEmptyValue","0","TestParseOptionalBoolEmptyValue","","Thu Apr 30 00:54:53 UTC 2026","passed","Thu Apr 30 00:54:53 UTC 2026","","Go Test","github.com/specterops/bloodhound/cmd/api/src/api/TestParseOptionalBoolEmptyValue","TestParseOptionalBoolEmptyValue"
"","37","calculates the running time of a job and converts to a human readable format","getSimpleDuration","Thu Apr 30 01:00:21 UTC 2026","passed","Thu Apr 30 01:00:21 UTC 2026","","","",""
"","23","displays CaretDownOutline icon when the sortOrder is undefined","ColumnHeaders","Thu Apr 30 00:58:52 UTC 2026","passed","Thu Apr 30 00:58:52 UTC 2026","","SortableHeader","",""
"","178","disables checkboxes while loading","GraphDataCheckboxes","Thu Apr 30 00:57:00 UTC 2026","passed","Thu Apr 30 00:57:01 UTC 2026","","","",""
"","0","should return an empty map when no tags or paths match","opsFilter","Thu Apr 30 01:00:02 UTC 2026","passed","Thu Apr 30 01:00:02 UTC 2026","","","",""
"Test cases for TestBuildSQLFilter","2","TestBuildSQLFilter","","Thu Apr 30 00:55:07 UTC 2026","passed","Thu Apr 30 00:55:07 UTC 2026","","Go Test","github.com/specterops/bloodhound/cmd/api/src/model/TestBuildSQLFilter","TestBuildSQLFilter"
"","36","initializes with the given state","useObjectState","Thu Apr 30 01:00:20 UTC 2026","passed","Thu Apr 30 01:00:20 UTC 2026","","","",""
"","335","sets a primarySearch=id and searchType=pathfinding when secondarySearch is truthy","ContextMenu","Thu Apr 30 01:01:46 UTC 2026","passed","Thu Apr 30 01:01:46 UTC 2026","","","",""
"","488","On successful upload, displays a completion of 100% and adds a ""Complete"" button that closes the dialog","SchemaUploadDialog","Thu Apr 30 00:57:21 UTC 2026","passed","Thu Apr 30 00:57:21 UTC 2026","","","",""
"","600","clicking cancel on the form takes the user back to the details page the user was on previously","Rule Form","Thu Apr 30 00:56:26 UTC 2026","passed","Thu Apr 30 00:56:26 UTC 2026","","","",""
"","578","should display Environmental Targeted Access Control panel when showEnvironmentAccessControls prop is true and read-only role is selected","CreateUserForm","Thu Apr 30 00:57:13 UTC 2026","passed","Thu Apr 30 00:57:14 UTC 2026","","","",""
"","82","should on clicking collapse all remove expandedPanelSections param from url and set isObjectInfoPanelOpen in context to false","EntityInfoHeader","Thu Apr 30 00:59:26 UTC 2026","passed","Thu Apr 30 00:59:26 UTC 2026","","","",""
"","163","should fire Cancel once with false","DeleteConfirmationDialog","Thu Apr 30 01:00:32 UTC 2026","passed","Thu Apr 30 01:00:33 UTC 2026","","","",""
"Test cases for TestIngestionCoordinator_FlushBuffer","3","TestIngestionCoordinator_FlushBuffer","","Thu Apr 30 00:55:04 UTC 2026","passed","Thu Apr 30 00:55:04 UTC 2026","","Go Test","github.com/specterops/bloodhound/cmd/api/src/daemons/changelog/TestIngestionCoordinator_FlushBuffer","TestIngestionCoordinator_FlushBuffer"
"","468","should render list of available SSO providers","LoginViaSSOForm","Thu Apr 30 00:59:27 UTC 2026","passed","Thu Apr 30 00:59:28 UTC 2026","","","",""
"","200","renders the Cypher Rules Panel when clicking the Rule Tab","Selected Details Tab Content","Thu Apr 30 01:00:15 UTC 2026","passed","Thu Apr 30 01:00:16 UTC 2026","","","",""
"","2307","should remove the option from the changelog when the corresponding button is clicked","AssetGroupEdit","Thu Apr 30 00:59:19 UTC 2026","passed","Thu Apr 30 00:59:21 UTC 2026","","","",""
"","412","disables checkboxes by default","GraphDataCheckboxes","Thu Apr 30 00:57:00 UTC 2026","passed","Thu Apr 30 00:57:00 UTC 2026","","","",""
"","0","returns Cypher message when ruleType is SeedTypeCypher and seeds are required","getErrorMessage","Thu Apr 30 00:57:24 UTC 2026","passed","Thu Apr 30 00:57:24 UTC 2026","","","",""
"","1798","should clear out the SSO Provider id from submission data when the authentication method is changed","CreateUserDialog","Thu Apr 30 00:56:43 UTC 2026","passed","Thu Apr 30 00:56:45 UTC 2026","","","",""
"Test cases for TestTracker_ConcurrentHasEdge","0","TestTracker_ConcurrentHasEdge","","Thu Apr 30 00:55:28 UTC 2026","passed","Thu Apr 30 00:55:28 UTC 2026","","Go Test","github.com/specterops/bloodhound/packages/go/analysis/post/TestTracker_ConcurrentHasEdge","TestTracker_ConcurrentHasEdge"
"","311","navigates to rule details when clicking a rule row","RulesAccordion","Thu Apr 30 00:59:03 UTC 2026","passed","Thu Apr 30 00:59:03 UTC 2026","","","",""
"","206","should display a toggle switch to enable multi-factor authentication","UserProfile","Thu Apr 30 00:58:08 UTC 2026","passed","Thu Apr 30 00:58:08 UTC 2026","","","",""
"Test cases for TestAssetGroupMembers_Filter_Equals","0","TestAssetGroupMembers_Filter_Equals","","Thu Apr 30 00:54:53 UTC 2026","passed","Thu Apr 30 00:54:53 UTC 2026","","Go Test","github.com/specterops/bloodhound/cmd/api/src/api/TestAssetGroupMembers_Filter_Equals","TestAssetGroupMembers_Filter_Equals"
"","30","returns the OpenGraph environmentInfo when environmentAggregation param is not a known type","useAvailableEnvironments","Thu Apr 30 00:58:35 UTC 2026","passed","Thu Apr 30 00:58:35 UTC 2026","","useSelectedEnvironment","",""
"","57","calls setSelected with correct data on click","NoteCell component","Thu Apr 30 00:59:42 UTC 2026","passed","Thu Apr 30 00:59:43 UTC 2026","","","",""
"","405","displays an autofocused text input","SearchCurrentNodes","Thu Apr 30 00:59:07 UTC 2026","passed","Thu Apr 30 00:59:08 UTC 2026","","","",""
"","8873","checking a category updates all children and grandchildren","Pathfinding","Thu Apr 30 00:56:42 UTC 2026","passed","Thu Apr 30 00:56:50 UTC 2026","","","",""
"","107","renders enabled prop when flag is enabled","FeatureFlag","Thu Apr 30 00:59:57 UTC 2026","passed","Thu Apr 30 00:59:57 UTC 2026","","","",""
"","14","should be aligned to right of screen","GenericErrorBoundaryFallback","Thu Apr 30 01:01:08 UTC 2026","passed","Thu Apr 30 01:01:08 UTC 2026","","","",""
"","235","disables GraphButton when isCurrentSearchOpen is true","GraphControls","Thu Apr 30 00:57:21 UTC 2026","passed","Thu Apr 30 00:57:21 UTC 2026","","Searching current results","",""
"","272","sets the calendar date to match the valid","ManagedDatePicker - value","Thu Apr 30 00:58:49 UTC 2026","passed","Thu Apr 30 00:58:50 UTC 2026","","","",""
"","3","returns empty array when environments is empty","filterAndSearchEnvironments","Thu Apr 30 00:56:19 UTC 2026","passed","Thu Apr 30 00:56:19 UTC 2026","","with empty environments","",""
"","0","returns true if value is ''","searchParams","Thu Apr 30 00:59:30 UTC 2026","passed","Thu Apr 30 00:59:30 UTC 2026","","isEmptyParam","",""
"Test cases for TestMergeNodeKinds","0","TestMergeNodeKinds","","Thu Apr 30 00:55:11 UTC 2026","passed","Thu Apr 30 00:55:11 UTC 2026","","Go Test","github.com/specterops/bloodhound/cmd/api/src/services/graphify/TestMergeNodeKinds","TestMergeNodeKinds"
"","232","calls onChangePinnedColumns to unpin a column when its pin icon is clicked","ManageColumnsComboBox","Thu Apr 30 00:57:44 UTC 2026","passed","Thu Apr 30 00:57:44 UTC 2026","","","",""
"Test cases for TestResources_ListSourceKinds","121","TestResources_ListSourceKinds","","Thu Apr 30 00:55:03 UTC 2026","passed","Thu Apr 30 00:55:03 UTC 2026","","Go Test","github.com/specterops/bloodhound/cmd/api/src/api/v2/TestResources_ListSourceKinds","TestResources_ListSourceKinds"
"","14","does not include OpenGraph edges when the associated feature flag is disabled","useEdgeCategories","Thu Apr 30 00:58:00 UTC 2026","passed","Thu Apr 30 00:58:00 UTC 2026","","","",""
"","2","prevents Sigma defaults events","preventAllDefaults","Thu Apr 30 01:02:16 UTC 2026","passed","Thu Apr 30 01:02:16 UTC 2026","","","",""
"","941","shows tooltip text on hover","ColumnHeaders","Thu Apr 30 00:58:52 UTC 2026","passed","Thu Apr 30 00:58:53 UTC 2026","","SortableHeader with Tooltip","",""
"Test cases for TestBOMEncoding","1","TestBOMEncoding","","Thu Apr 30 00:55:29 UTC 2026","passed","Thu Apr 30 00:55:29 UTC 2026","","Go Test","github.com/specterops/bloodhound/packages/go/bomenc/TestBOMEncoding","TestBOMEncoding"
"","1","lastlogon, lastlogontimestamp","Handling value formatting for Active Directory entity properties lastlogon, lastlogontimestamp, whencreated, and pwdlastset","Thu Apr 30 00:57:49 UTC 2026","passed","Thu Apr 30 00:57:49 UTC 2026","","","",""
"Test cases for TestParsePreferHeaderWait","0","TestParsePreferHeaderWait","","Thu Apr 30 00:54:56 UTC 2026","passed","Thu Apr 30 00:54:56 UTC 2026","","Go Test","github.com/specterops/bloodhound/cmd/api/src/api/middleware/TestParsePreferHeaderWait","TestParsePreferHeaderWait"
"Test cases for TestTimeValueOrZero","0","TestTimeValueOrZero","","Thu Apr 30 00:55:06 UTC 2026","passed","Thu Apr 30 00:55:06 UTC 2026","","Go Test","github.com/specterops/bloodhound/cmd/api/src/database/types/null/TestTimeValueOrZero","TestTimeValueOrZero"
"","34","does not render when ruleId is empty","Delete Selector Button rendering","Thu Apr 30 01:00:43 UTC 2026","passed","Thu Apr 30 01:00:43 UTC 2026","","","",""
"","1","combines collected and risk filters","filterAndSearchEnvironments","Thu Apr 30 00:56:19 UTC 2026","passed","Thu Apr 30 00:56:19 UTC 2026","","combined filters","",""
"","96","has a button with text Clear Filters","AssetGroupEdit","Thu Apr 30 00:57:56 UTC 2026","passed","Thu Apr 30 00:57:56 UTC 2026","","Clear Filters button","",""
"Test cases for TestFillAndPopulateDefaultAdminInfo","0","TestFillAndPopulateDefaultAdminInfo","","Thu Apr 30 00:55:03 UTC 2026","passed","Thu Apr 30 00:55:03 UTC 2026","","Go Test","github.com/specterops/bloodhound/cmd/api/src/bootstrap/TestFillAndPopulateDefaultAdminInfo","TestFillAndPopulateDefaultAdminInfo"
"","693","lists all available node kinds as options to filter by","AssetGroupEdit","Thu Apr 30 00:57:54 UTC 2026","passed","Thu Apr 30 00:57:55 UTC 2026","","Node Type dropdown filter","",""
"","21","does not call onSort when disable=true","ColumnHeaders","Thu Apr 30 00:58:52 UTC 2026","passed","Thu Apr 30 00:58:52 UTC 2026","","SortableHeader","",""
"","0","filters by collected=false when ""no"" filter is active","filterAndSearchEnvironments","Thu Apr 30 00:56:19 UTC 2026","passed","Thu Apr 30 00:56:19 UTC 2026","","collected filters","",""
"","231","should call the onClick function when clicked","GraphButton","Thu Apr 30 01:01:06 UTC 2026","passed","Thu Apr 30 01:01:07 UTC 2026","","","",""
"Test cases for TestParseKind","0","TestParseKind","","Thu Apr 30 00:55:29 UTC 2026","passed","Thu Apr 30 00:55:29 UTC 2026","","Go Test","github.com/specterops/bloodhound/packages/go/ein/TestParseKind","TestParseKind"
"","8","displays lastlogontimestamp cell as NEVER when the value is -1","ExploreTableDataCell","Thu Apr 30 01:00:23 UTC 2026","passed","Thu Apr 30 01:00:23 UTC 2026","","","",""
"","284","Selecting an edge with a Computer target node that does not have haslaps enabled shows correct Windows Abuse text","EdgeInfoContent","Thu Apr 30 00:56:26 UTC 2026","passed","Thu Apr 30 00:56:26 UTC 2026","","","",""
"","24","returns a prefer wait in the header when db config timeout limit setting is disabled and state of is disable query limit is true","useExploreGraph","Thu Apr 30 00:57:08 UTC 2026","passed","Thu Apr 30 00:57:08 UTC 2026","userSettings","exploreGraphQueryFactory","",""
"","77","displays the value from filterParams.node_type","AssetGroupEdit","Thu Apr 30 00:57:54 UTC 2026","passed","Thu Apr 30 00:57:54 UTC 2026","","Node Type dropdown filter","",""
"","0","returns paramValue as EnvironmentAggregation if paramValue is all","useEnvironmentParams","Thu Apr 30 01:01:02 UTC 2026","passed","Thu Apr 30 01:01:02 UTC 2026","","parseEnvironmentAggregation","",""
"","104","renders an input box","SearchBar","Thu Apr 30 01:00:52 UTC 2026","passed","Thu Apr 30 01:00:52 UTC 2026","","","",""
"Test cases for TestResources_ExportSavedQueries","16","TestResources_ExportSavedQueries","","Thu Apr 30 00:55:03 UTC 2026","passed","Thu Apr 30 00:55:03 UTC 2026","","Go Test","github.com/specterops/bloodhound/cmd/api/src/api/v2/TestResources_ExportSavedQueries","TestResources_ExportSavedQueries"
"","570","shows success notification after successful deletion","ActiveExtensionsCard","Thu Apr 30 00:56:29 UTC 2026","passed","Thu Apr 30 00:56:29 UTC 2026","","","",""
"","218","calls setExploreParams with only the expandedSection label when selecting any accordion that is not composition","EdgeInfoContent","Thu Apr 30 00:56:27 UTC 2026","passed","Thu Apr 30 00:56:27 UTC 2026","","EdgeInfoContent support for Deep Linking","",""
"Test cases for TestParseSkipQueryParameter_BadFormat","0","TestParseSkipQueryParameter_BadFormat","","Thu Apr 30 00:55:03 UTC 2026","passed","Thu Apr 30 00:55:03 UTC 2026","","Go Test","github.com/specterops/bloodhound/cmd/api/src/api/v2/TestParseSkipQueryParameter_BadFormat","TestParseSkipQueryParameter_BadFormat"
"","176","opens and closes the dialog with the cancel button","Tag Form","Thu Apr 30 00:56:08 UTC 2026","passed","Thu Apr 30 00:56:09 UTC 2026","","","",""
"","46","should display a message","CypherSearchMessage","Thu Apr 30 01:01:11 UTC 2026","passed","Thu Apr 30 01:01:11 UTC 2026","","","",""
"","57","invalidates the extensions query key when upload succeeds","useSchemaUploadHandlers","Thu Apr 30 01:00:52 UTC 2026","passed","Thu Apr 30 01:00:52 UTC 2026","","","",""
"","7","should recognize active directory properties","validating a node property against the shared generated schema","Thu Apr 30 00:57:49 UTC 2026","passed","Thu Apr 30 00:57:49 UTC 2026","","","",""
"","367","renders the Import Query Dialog","ImportQueryDialog","Thu Apr 30 01:00:56 UTC 2026","passed","Thu Apr 30 01:00:56 UTC 2026","","","",""
"","7","dismisses a notification","AppNotifications","Thu Apr 30 00:59:45 UTC 2026","passed","Thu Apr 30 00:59:45 UTC 2026","","","",""
"","428","handles a selection as expected","DropdownSelector","Thu Apr 30 00:59:47 UTC 2026","passed","Thu Apr 30 00:59:48 UTC 2026","","","",""
"","0","accepts a sort and compare function","areArraysSimilar","Thu Apr 30 01:00:42 UTC 2026","passed","Thu Apr 30 01:00:42 UTC 2026","","","",""
"","0","should return true when value partially matches term","compareTerm","Thu Apr 30 01:00:02 UTC 2026","passed","Thu Apr 30 01:00:02 UTC 2026","","","",""
"Test cases for TestResources_UpdateSavedQuery_NotAUserAuth","0","TestResources_UpdateSavedQuery_NotAUserAuth","","Thu Apr 30 00:55:03 UTC 2026","passed","Thu Apr 30 00:55:03 UTC 2026","","Go Test","github.com/specterops/bloodhound/cmd/api/src/api/v2/TestResources_UpdateSavedQuery_NotAUserAuth","TestResources_UpdateSavedQuery_NotAUserAuth"
"Test cases for TestValidateRequestSignature","221","TestValidateRequestSignature","","Thu Apr 30 00:54:53 UTC 2026","passed","Thu Apr 30 00:54:53 UTC 2026","","Go Test","github.com/specterops/bloodhound/cmd/api/src/api/TestValidateRequestSignature","TestValidateRequestSignature"
"Test cases for TestDomainSelectors_GetFilterCriteria_InvalidFilterColumn","0","TestDomainSelectors_GetFilterCriteria_InvalidFilterColumn","","Thu Apr 30 00:55:07 UTC 2026","passed","Thu Apr 30 00:55:07 UTC 2026","","Go Test","github.com/specterops/bloodhound/cmd/api/src/model/TestDomainSelectors_GetFilterCriteria_InvalidFilterColumn","TestDomainSelectors_GetFilterCriteria_InvalidFilterColumn"
"Test cases for TestResources_ListADGPOAffectedUsers","0","TestResources_ListADGPOAffectedUsers","","Thu Apr 30 00:55:03 UTC 2026","passed","Thu Apr 30 00:55:03 UTC 2026","","Go Test","github.com/specterops/bloodhound/cmd/api/src/api/v2/TestResources_ListADGPOAffectedUsers","TestResources_ListADGPOAffectedUsers"
"Test cases for TestLoginExpiry","0","TestLoginExpiry","","Thu Apr 30 00:55:48 UTC 2026","passed","Thu Apr 30 00:55:48 UTC 2026","","Go Test","github.com/specterops/bloodhound/cmd/api/src/api/v2/auth/TestLoginExpiry","TestLoginExpiry"
"Test cases for TestUnmarshalBool","0","TestUnmarshalBool","","Thu Apr 30 00:55:06 UTC 2026","passed","Thu Apr 30 00:55:06 UTC 2026","","Go Test","github.com/specterops/bloodhound/cmd/api/src/database/types/null/TestUnmarshalBool","TestUnmarshalBool"
"Test cases for TestParseLimitQueryParameter","0","TestParseLimitQueryParameter","","Thu Apr 30 00:55:03 UTC 2026","passed","Thu Apr 30 00:55:03 UTC 2026","","Go Test","github.com/specterops/bloodhound/cmd/api/src/api/v2/TestParseLimitQueryParameter","TestParseLimitQueryParameter"
"Test cases for TestMarshalBoolText","0","TestMarshalBoolText","","Thu Apr 30 00:55:06 UTC 2026","passed","Thu Apr 30 00:55:06 UTC 2026","","Go Test","github.com/specterops/bloodhound/cmd/api/src/database/types/null/TestMarshalBoolText","TestMarshalBoolText"
"Test cases for TestWriteResponseWrapperWithTimeWindowAndPagination","0","TestWriteResponseWrapperWithTimeWindowAndPagination","","Thu Apr 30 00:54:53 UTC 2026","passed","Thu Apr 30 00:54:53 UTC 2026","","Go Test","github.com/specterops/bloodhound/cmd/api/src/api/TestWriteResponseWrapperWithTimeWindowAndPagination","TestWriteResponseWrapperWithTimeWindowAndPagination"
"","24","generates a human-friendly default filename for graph exports","exportGraphData","Thu Apr 30 01:00:26 UTC 2026","passed","Thu Apr 30 01:00:26 UTC 2026","","","",""
"","0","should compute the length of a line segment","bezier","Thu Apr 30 01:01:54 UTC 2026","passed","Thu Apr 30 01:01:54 UTC 2026","","","",""
"Test cases for TestDisenrollMFA_Admin_SuccessNoPasswordSSO","1314","TestDisenrollMFA_Admin_SuccessNoPasswordSSO","","Thu Apr 30 00:55:42 UTC 2026","passed","Thu Apr 30 00:55:43 UTC 2026","","Go Test","github.com/specterops/bloodhound/cmd/api/src/api/v2/auth/TestDisenrollMFA_Admin_SuccessNoPasswordSSO","TestDisenrollMFA_Admin_SuccessNoPasswordSSO"
"","25","renders null if network fails to return valid asset group membership list","AssetGroupMenuItem","Thu Apr 30 01:01:32 UTC 2026","passed","Thu Apr 30 01:01:32 UTC 2026","","adding to an asset group","",""
"","62","renders section when no errors occur","EntityInfoCollapsibleSection","Thu Apr 30 01:00:33 UTC 2026","passed","Thu Apr 30 01:00:33 UTC 2026","","","",""
"","2253","should allow user to create new SAML provder and then display it in the table","SSOConfiguration","Thu Apr 30 00:57:49 UTC 2026","passed","Thu Apr 30 00:57:51 UTC 2026","","","",""
"","627","should allow user to configure 2fa","Enable2FADialog","Thu Apr 30 00:58:54 UTC 2026","passed","Thu Apr 30 00:58:55 UTC 2026","","","",""
"","45","renders Tier Zero text by default when no Zone Selector is available and on a Zone page","TagSelector","Thu Apr 30 00:59:15 UTC 2026","passed","Thu Apr 30 00:59:15 UTC 2026","","","",""
"","553","opens nested sections and updates URL params correctly","EntityInfoDataTable","Thu Apr 30 00:57:27 UTC 2026","passed","Thu Apr 30 00:57:28 UTC 2026","","Node count for nested table that counts all sections","",""
"","3","dispatches a storage event when a value is set","useLocalStorage","Thu Apr 30 00:58:13 UTC 2026","passed","Thu Apr 30 00:58:13 UTC 2026","","storage event synchronisation","",""
"","147","should call ""onCancel one time""","Enable2FADialog","Thu Apr 30 00:59:42 UTC 2026","passed","Thu Apr 30 00:59:42 UTC 2026","","user clicks ""Cancel"" button","",""
"","119","should should reflect the checked state for public query","SavedQueryPermissions","Thu Apr 30 00:59:25 UTC 2026","passed","Thu Apr 30 00:59:25 UTC 2026","","","",""
"","471","clears the applied filter","FileIngestFilterDialog","Thu Apr 30 00:57:29 UTC 2026","passed","Thu Apr 30 00:57:29 UTC 2026","","Status Select","",""
"Test cases for Test_SetApplicationConfiguration","0","Test_SetApplicationConfiguration","","Thu Apr 30 00:55:03 UTC 2026","passed","Thu Apr 30 00:55:03 UTC 2026","","Go Test","github.com/specterops/bloodhound/cmd/api/src/api/v2/Test_SetApplicationConfiguration","Test_SetApplicationConfiguration"
"","521","should call onSubmit with initiation_url of selected SSO provider","LoginViaSSOForm","Thu Apr 30 00:59:28 UTC 2026","passed","Thu Apr 30 00:59:28 UTC 2026","","","",""
"Test cases for Test_ParseGraphSortParameters_InvalidSortColumn","0","Test_ParseGraphSortParameters_InvalidSortColumn","","Thu Apr 30 00:54:53 UTC 2026","passed","Thu Apr 30 00:54:53 UTC 2026","","Go Test","github.com/specterops/bloodhound/cmd/api/src/api/Test_ParseGraphSortParameters_InvalidSortColumn","Test_ParseGraphSortParameters_InvalidSortColumn"
"","16","sets autoDisplayTable to false if query type is pathfinding","useExploreTableAutoDisplay","Thu Apr 30 01:00:00 UTC 2026","passed","Thu Apr 30 01:00:01 UTC 2026","","","",""
"","65","applies the given filters","useFinishedJobs","Thu Apr 30 00:58:28 UTC 2026","passed","Thu Apr 30 00:58:28 UTC 2026","","","",""
"Test cases for TestManagementResource_GetUser","23782","TestManagementResource_GetUser","","Thu Apr 30 00:55:24 UTC 2026","passed","Thu Apr 30 00:55:48 UTC 2026","","Go Test","github.com/specterops/bloodhound/cmd/api/src/api/v2/auth/TestManagementResource_GetUser","TestManagementResource_GetUser"
"Test cases for TestHeaderMatches","0","TestHeaderMatches","","Thu Apr 30 00:55:28 UTC 2026","passed","Thu Apr 30 00:55:28 UTC 2026","","Go Test","github.com/specterops/bloodhound/cmd/api/src/utils/TestHeaderMatches","TestHeaderMatches"
"Test cases for TestResources_DeleteSavedQueryPermissions","6","TestResources_DeleteSavedQueryPermissions","","Thu Apr 30 00:55:03 UTC 2026","passed","Thu Apr 30 00:55:03 UTC 2026","","Go Test","github.com/specterops/bloodhound/cmd/api/src/api/v2/TestResources_DeleteSavedQueryPermissions","TestResources_DeleteSavedQueryPermissions"
"","289","Toggles node and edge labels on/off depending on their existing state","GraphControls","Thu Apr 30 00:57:20 UTC 2026","passed","Thu Apr 30 00:57:20 UTC 2026","","Toggling labels","",""
"","92","updates value when an invalid date typed","ManagedDatePicker - value","Thu Apr 30 00:58:49 UTC 2026","passed","Thu Apr 30 00:58:49 UTC 2026","","","",""
"Test cases for TestSavedQueries_IsString","0","TestSavedQueries_IsString","","Thu Apr 30 00:55:07 UTC 2026","passed","Thu Apr 30 00:55:07 UTC 2026","","Go Test","github.com/specterops/bloodhound/cmd/api/src/model/TestSavedQueries_IsString","TestSavedQueries_IsString"
"","49","renders three animated dots","ProcessingIndicator","Thu Apr 30 01:01:05 UTC 2026","passed","Thu Apr 30 01:01:05 UTC 2026","","","",""
"Test cases for Test_UseHarness","0","Test_UseHarness","","Thu Apr 30 00:55:30 UTC 2026","passed","Thu Apr 30 00:55:30 UTC 2026","","Go Test","github.com/specterops/bloodhound/packages/go/lab/Test_UseHarness","Test_UseHarness"
"","80","takes the param appendQueryKey and will append that value to the existing queryKey","useAvailableEnvironments","Thu Apr 30 00:58:34 UTC 2026","passed","Thu Apr 30 00:58:35 UTC 2026","","useAvailableEnvironments","",""
"","183","calls onLayoutChange with the selected layout","GraphControls","Thu Apr 30 00:57:20 UTC 2026","passed","Thu Apr 30 00:57:20 UTC 2026","","Selecting a layout","",""
"Test cases for TestCache_GuardedSet","0","TestCache_GuardedSet","","Thu Apr 30 00:55:29 UTC 2026","passed","Thu Apr 30 00:55:29 UTC 2026","","Go Test","github.com/specterops/bloodhound/packages/go/cache/TestCache_GuardedSet","TestCache_GuardedSet"
"","892","should eventually render previously configured SSO providers","SSOConfiguration","Thu Apr 30 00:57:48 UTC 2026","passed","Thu Apr 30 00:57:49 UTC 2026","","","",""
"","727","executes a primary search when only a source node is provided","Pathfinding: interaction","Thu Apr 30 00:58:23 UTC 2026","passed","Thu Apr 30 00:58:23 UTC 2026","","","",""
"Test cases for TestResources_DeleteSavedQuery_RecordNotFound_EdgeCase","0","TestResources_DeleteSavedQuery_RecordNotFound_EdgeCase","","Thu Apr 30 00:55:03 UTC 2026","passed","Thu Apr 30 00:55:03 UTC 2026","","Go Test","github.com/specterops/bloodhound/cmd/api/src/api/v2/TestResources_DeleteSavedQuery_RecordNotFound_EdgeCase","TestResources_DeleteSavedQuery_RecordNotFound_EdgeCase"
"","71","renders a link to the documentation","BloodHoundConfiguration","Thu Apr 30 01:02:17 UTC 2026","passed","Thu Apr 30 01:02:17 UTC 2026","","","",""
"Test cases for TestManagementResource_GetPermission","38661","TestManagementResource_GetPermission","","Thu Apr 30 00:55:09 UTC 2026","passed","Thu Apr 30 00:55:48 UTC 2026","","Go Test","github.com/specterops/bloodhound/cmd/api/src/api/v2/auth/TestManagementResource_GetPermission","TestManagementResource_GetPermission"
"Test cases for TestResources_GetAssetGroup","1","TestResources_GetAssetGroup","","Thu Apr 30 00:55:03 UTC 2026","passed","Thu Apr 30 00:55:03 UTC 2026","","Go Test","github.com/specterops/bloodhound/cmd/api/src/api/v2/TestResources_GetAssetGroup","TestResources_GetAssetGroup"
"Test cases for TestManagementResource_UpdateUser_DuplicateEmailError","0","TestManagementResource_UpdateUser_DuplicateEmailError","","Thu Apr 30 00:55:19 UTC 2026","passed","Thu Apr 30 00:55:19 UTC 2026","","Go Test","github.com/specterops/bloodhound/cmd/api/src/api/v2/auth/TestManagementResource_UpdateUser_DuplicateEmailError","TestManagementResource_UpdateUser_DuplicateEmailError"
"","106","defaults to wrapped and removes .wrapped class when unwrap btn is clicked","CodeController","Thu Apr 30 01:00:47 UTC 2026","passed","Thu Apr 30 01:00:47 UTC 2026","","","",""
"","231","calls onChangePinnedColumns with DEFAULT_PINNED_COLUMN_KEYS when ""Reset Default"" is clicked","ManageColumnsComboBox","Thu Apr 30 00:57:43 UTC 2026","passed","Thu Apr 30 00:57:43 UTC 2026","","","",""
"","199","should render","NoDataDialog","Thu Apr 30 01:01:01 UTC 2026","passed","Thu Apr 30 01:01:01 UTC 2026","","","",""
"","7","dismisses the ""no permission"" notification on unmount","useFinishedJobs","Thu Apr 30 00:58:28 UTC 2026","passed","Thu Apr 30 00:58:28 UTC 2026","","","",""
"Test cases for TestURLJoinPathEscapesSlashes","0","TestURLJoinPathEscapesSlashes","","Thu Apr 30 00:54:53 UTC 2026","passed","Thu Apr 30 00:54:53 UTC 2026","","Go Test","github.com/specterops/bloodhound/cmd/api/src/api/TestURLJoinPathEscapesSlashes","TestURLJoinPathEscapesSlashes"
"","462","when a search result is clicked it calls `handleNodeSelected`","ExploreSearchCombobox","Thu Apr 30 00:57:55 UTC 2026","passed","Thu Apr 30 00:57:56 UTC 2026","","","",""
"Test cases for TestResources_ListADDomainDCSyncers","0","TestResources_ListADDomainDCSyncers","","Thu Apr 30 00:55:03 UTC 2026","passed","Thu Apr 30 00:55:03 UTC 2026","","Go Test","github.com/specterops/bloodhound/cmd/api/src/api/v2/TestResources_ListADDomainDCSyncers","TestResources_ListADDomainDCSyncers"
"Test cases for TestGetPlatformAggregateStats_Failure","8","TestGetPlatformAggregateStats_Failure","","Thu Apr 30 00:55:03 UTC 2026","passed","Thu Apr 30 00:55:03 UTC 2026","","Go Test","github.com/specterops/bloodhound/cmd/api/src/api/v2/TestGetPlatformAggregateStats_Failure","TestGetPlatformAggregateStats_Failure"
"","4","returns {enabled: false} if there is not a match on the switch statement","useExploreGraph","Thu Apr 30 00:57:08 UTC 2026","passed","Thu Apr 30 00:57:08 UTC 2026","","exploreGraphQueryFactory","",""
"Test cases for TestHandleDatabaseError","0","TestHandleDatabaseError","","Thu Apr 30 00:54:53 UTC 2026","passed","Thu Apr 30 00:54:53 UTC 2026","","Go Test","github.com/specterops/bloodhound/cmd/api/src/api/TestHandleDatabaseError","TestHandleDatabaseError"
"","143","returns a nodes array","useEdgeInfoItems","Thu Apr 30 00:59:19 UTC 2026","passed","Thu Apr 30 00:59:19 UTC 2026","","","",""
"Test cases for TestResources_CreateAssetGroup","5","TestResources_CreateAssetGroup","","Thu Apr 30 00:55:03 UTC 2026","passed","Thu Apr 30 00:55:03 UTC 2026","","Go Test","github.com/specterops/bloodhound/cmd/api/src/api/v2/TestResources_CreateAssetGroup","TestResources_CreateAssetGroup"
"Test cases for TestStringSetValid","0","TestStringSetValid","","Thu Apr 30 00:55:06 UTC 2026","passed","Thu Apr 30 00:55:06 UTC 2026","","Go Test","github.com/specterops/bloodhound/cmd/api/src/database/types/null/TestStringSetValid","TestStringSetValid"
"Test cases for TestManagementResource_ListAuthTokens_SortingError","0","TestManagementResource_ListAuthTokens_SortingError","","Thu Apr 30 00:55:33 UTC 2026","passed","Thu Apr 30 00:55:33 UTC 2026","","Go Test","github.com/specterops/bloodhound/cmd/api/src/api/v2/auth/TestManagementResource_ListAuthTokens_SortingError","TestManagementResource_ListAuthTokens_SortingError"
"Test cases for TestDurationValidator","0","TestDurationValidator","","Thu Apr 30 00:55:28 UTC 2026","passed","Thu Apr 30 00:55:28 UTC 2026","","Go Test","github.com/specterops/bloodhound/cmd/api/src/utils/validation/TestDurationValidator","TestDurationValidator"
"Test cases for TestResources_ListADComputerSessions","0","TestResources_ListADComputerSessions","","Thu Apr 30 00:55:03 UTC 2026","passed","Thu Apr 30 00:55:03 UTC 2026","","Go Test","github.com/specterops/bloodhound/cmd/api/src/api/v2/TestResources_ListADComputerSessions","TestResources_ListADComputerSessions"
"Test cases for TestResources_ImportSavedQuery","50","TestResources_ImportSavedQuery","","Thu Apr 30 00:55:03 UTC 2026","passed","Thu Apr 30 00:55:03 UTC 2026","","Go Test","github.com/specterops/bloodhound/cmd/api/src/api/v2/TestResources_ImportSavedQuery","TestResources_ImportSavedQuery"
"Test cases for TestResources_UpdateSavedQuery_AdminPublicQuery_Success","0","TestResources_UpdateSavedQuery_AdminPublicQuery_Success","","Thu Apr 30 00:55:03 UTC 2026","passed","Thu Apr 30 00:55:03 UTC 2026","","Go Test","github.com/specterops/bloodhound/cmd/api/src/api/v2/TestResources_UpdateSavedQuery_AdminPublicQuery_Success","TestResources_UpdateSavedQuery_AdminPublicQuery_Success"
"","117","passes check if the user has a required permission","usePermissions","Thu Apr 30 00:58:00 UTC 2026","passed","Thu Apr 30 00:58:00 UTC 2026","","","",""
